2020-01-20T09:00:00+0530,4210,4219,4210,4218,123,391
2020-01-20T09:30:00+0530,4218,4219,4213,4215,69,418
2020-01-20T10:00:00+0530,4215,4222,4214,4221,68,448
2020-01-20T10:30:00+0530,4221,4226,4221,4224,46,473
2020-01-20T11:00:00+0530,4224,4225,4218,4218,36,489
2020-01-20T11:30:00+0530,4218,4220,4215,4218,46,500
2020-01-20T12:00:00+0530,4218,4221,4217,4221,10,507
2020-01-20T12:30:00+0530,4221,4221,4214,4216,12,505
2020-01-20T13:00:00+0530,4216,4217,4212,4213,34,504
2020-01-20T13:30:00+0530,4213,4218,4210,4210,72,508
2020-01-20T14:00:00+0530,4210,4214,4199,4205,129,538
2020-01-20T14:30:00+0530,4204,4205,4195,4200,132,535
2020-01-20T15:00:00+0530,4200,4204,4193,4202,71,528
2020-01-20T15:30:00+0530,4202,4202,4188,4194,123,567
2020-01-20T16:00:00+0530,4194,4198,4193,4197,63,569
2020-01-20T16:30:00+0530,4198,4202,4196,4201,55,583
2020-01-20T17:00:00+0530,4201,4207,4201,4205,72,593
2020-01-20T17:30:00+0530,4205,4207,4197,4200,127,584
2020-01-20T18:00:00+0530,4200,4206,4199,4205,42,602
2020-01-20T18:30:00+0530,4205,4209,4202,4207,77,619
2020-01-20T19:00:00+0530,4207,4207,4199,4200,68,628
2020-01-20T19:30:00+0530,4200,4206,4199,4199,54,634
2020-01-20T20:00:00+0530,4199,4205,4198,4203,38,635
2020-01-20T20:30:00+0530,4203,4205,4186,4197,184,623
2020-01-20T21:00:00+0530,4197,4197,4180,4189,172,608
2020-01-20T21:30:00+0530,4189,4190,4178,4188,125,613
2020-01-20T22:00:00+0530,4188,4196,4187,4194,133,594
2020-01-20T22:30:00+0530,4194,4197,4192,4197,40,591
2020-01-20T23:00:00+0530,4197,4199,4185,4185,99,564
2020-01-20T23:30:00+0530,4185,4191,4181,4183,327,479
2020-01-21T09:00:00+0530,4176,4177,4171,4173,108,522
2020-01-21T09:30:00+0530,4173,4174,4170,4170,88,569
2020-01-21T10:00:00+0530,4170,4173,4167,4171,52,587
2020-01-21T10:30:00+0530,4171,4171,4169,4170,34,574
2020-01-21T11:00:00+0530,4170,4170,4160,4163,222,593
2020-01-21T11:30:00+0530,4163,4165,4150,4155,152,605
2020-01-21T12:00:00+0530,4155,4157,4151,4151,84,628
2020-01-21T12:30:00+0530,4151,4160,4151,4160,78,638
2020-01-21T13:00:00+0530,4160,4163,4153,4153,35,638
2020-01-21T13:30:00+0530,4153,4158,4142,4156,308,659
2020-01-21T14:00:00+0530,4152,4159,4143,4146,154,649
2020-01-21T14:30:00+0530,4147,4150,4134,4145,223,670
2020-01-21T15:00:00+0530,4145,4148,4138,4144,113,702
2020-01-21T15:30:00+0530,4144,4146,4136,4144,81,702
2020-01-21T16:00:00+0530,4144,4147,4140,4143,71,712
2020-01-21T16:30:00+0530,4143,4143,4132,4135,163,704
2020-01-21T17:00:00+0530,4135,4136,4125,4130,241,755
2020-01-21T17:30:00+0530,4130,4134,4127,4132,59,754
2020-01-21T18:00:00+0530,4132,4139,4131,4137,123,730
2020-01-21T18:30:00+0530,4137,4138,4126,4136,85,748
2020-01-21T19:00:00+0530,4136,4147,4133,4144,164,741
2020-01-21T19:30:00+0530,4144,4163,4143,4158,378,735
2020-01-21T20:00:00+0530,4158,4170,4154,4166,449,737
2020-01-21T20:30:00+0530,4166,4177,4158,4173,488,722
2020-01-21T21:00:00+0530,4173,4186,4173,4176,457,797
2020-01-21T21:30:00+0530,4176,4181,4164,4164,222,732
2020-01-21T22:00:00+0530,4164,4176,4164,4173,50,747
2020-01-21T22:30:00+0530,4173,4180,4171,4179,80,738
2020-01-21T23:00:00+0530,4179,4188,4179,4188,140,734
2020-01-21T23:30:00+0530,4188,4200,4180,4190,316,681
2020-01-22T09:00:00+0530,4160,4160,4152,4154,186,709
2020-01-22T09:30:00+0530,4154,4154,4150,4152,80,745
2020-01-22T10:00:00+0530,4152,4154,4152,4154,24,748
2020-01-22T10:30:00+0530,4154,4159,4153,4153,130,720
2020-01-22T11:00:00+0530,4153,4157,4150,4151,56,726
2020-01-22T11:30:00+0530,4151,4152,4147,4150,135,739
2020-01-22T12:00:00+0530,4150,4152,4148,4152,86,761
2020-01-22T12:30:00+0530,4152,4153,4148,4148,63,771
2020-01-22T13:00:00+0530,4148,4148,4142,4146,135,809
2020-01-22T13:30:00+0530,4146,4152,4140,4152,81,812
2020-01-22T14:00:00+0530,4152,4152,4144,4146,56,820
2020-01-22T14:30:00+0530,4146,4150,4139,4145,85,808
2020-01-22T15:00:00+0530,4145,4146,4136,4136,143,878
2020-01-22T15:30:00+0530,4136,4144,4136,4143,88,881
2020-01-22T16:00:00+0530,4143,4150,4143,4148,64,876
2020-01-22T16:30:00+0530,4148,4155,4147,4147,94,869
2020-01-22T17:00:00+0530,4147,4149,4141,4148,76,884
2020-01-22T17:30:00+0530,4148,4155,4144,4147,51,899
2020-01-22T18:00:00+0530,4147,4147,4135,4137,209,953
2020-01-22T18:30:00+0530,4137,4138,4129,4134,295,977
2020-01-22T19:00:00+0530,4134,4134,4123,4127,479,1023
2020-01-22T19:30:00+0530,4125,4127,4097,4100,1040,1095
2020-01-22T20:00:00+0530,4101,4101,4080,4089,869,1125
2020-01-22T20:30:00+0530,4089,4089,4069,4070,384,1158
2020-01-22T21:00:00+0530,4071,4098,4058,4089,899,1111
2020-01-22T21:30:00+0530,4088,4089,4064,4070,388,1138
2020-01-22T22:00:00+0530,4072,4080,4067,4071,240,1170
2020-01-22T22:30:00+0530,4071,4071,4052,4064,313,1170
2020-01-22T23:00:00+0530,4064,4065,4052,4054,177,1135
2020-01-22T23:30:00+0530,4054,4075,4045,4075,376,1031
2020-01-23T09:00:00+0530,4000,4002,3995,4000,279,1114
2020-01-23T09:30:00+0530,4000,4004,3998,3998,81,1132
2020-01-23T10:00:00+0530,3998,3999,3994,3995,82,1174
2020-01-23T10:30:00+0530,3995,3995,3980,3985,265,1206
2020-01-23T11:00:00+0530,3985,3988,3981,3983,82,1229
2020-01-23T11:30:00+0530,3983,3990,3983,3986,57,1250
2020-01-23T12:00:00+0530,3986,3992,3982,3989,65,1259
2020-01-23T12:30:00+0530,3989,4002,3989,3997,105,1264
2020-01-23T13:00:00+0530,3997,4003,3994,4002,71,1289
2020-01-23T13:30:00+0530,4002,4013,3997,4012,142,1308
2020-01-23T14:00:00+0530,4012,4015,4001,4007,159,1280
2020-01-23T14:30:00+0530,4007,4014,4004,4004,219,1283
2020-01-23T15:00:00+0530,4004,4009,4003,4007,49,1270
2020-01-23T15:30:00+0530,4007,4007,3996,4002,144,1251
2020-01-23T16:00:00+0530,4002,4006,3999,4000,93,1252
2020-01-23T16:30:00+0530,4000,4006,3996,4001,185,1296
2020-01-23T17:00:00+0530,4001,4003,3997,3998,47,1292
2020-01-23T17:30:00+0530,3998,4006,3996,4006,48,1303
2020-01-23T18:00:00+0530,4005,4007,3987,3988,311,1318
2020-01-23T18:30:00+0530,3988,3998,3988,3994,60,1337
2020-01-23T19:00:00+0530,3994,3997,3968,3972,592,1316
2020-01-23T19:30:00+0530,3970,3972,3947,3960,805,1354
2020-01-23T20:00:00+0530,3960,3964,3932,3949,818,1336
2020-01-23T20:30:00+0530,3949,3954,3937,3943,388,1316
2020-01-23T21:00:00+0530,3943,3953,3941,3949,212,1312
2020-01-23T21:30:00+0530,3965,3986,3959,3977,1007,1348
2020-01-23T22:00:00+0530,3980,3997,3977,3987,392,1350
2020-01-23T22:30:00+0530,3987,3987,3963,3963,274,1336
2020-01-23T23:00:00+0530,3963,3964,3942,3947,378,1295
2020-01-23T23:30:00+0530,3947,3963,3941,3963,384,1213
2020-01-24T09:00:00+0530,3988,3990,3983,3985,199,1216
2020-01-24T09:30:00+0530,3985,4006,3984,4005,139,1223
2020-01-24T10:00:00+0530,4005,4005,3995,3997,92,1241
2020-01-24T10:30:00+0530,3998,4000,3996,3996,65,1227
2020-01-24T11:00:00+0530,3996,3996,3993,3995,74,1218
2020-01-24T11:30:00+0530,3995,3998,3991,3994,97,1205
2020-01-24T12:00:00+0530,3994,4001,3994,4001,31,1201
2020-01-24T12:30:00+0530,4001,4008,3998,4005,231,1249
2020-01-24T13:00:00+0530,4005,4005,4000,4001,64,1247
2020-01-24T13:30:00+0530,4001,4001,3992,3993,131,1269
2020-01-24T14:00:00+0530,3992,4000,3989,3990,143,1281
2020-01-24T14:30:00+0530,3990,3995,3986,3987,207,1276
2020-01-24T15:00:00+0530,3987,3992,3971,3971,252,1287
2020-01-24T15:30:00+0530,3971,3981,3969,3972,281,1296
2020-01-24T16:00:00+0530,3973,3975,3960,3969,273,1331
2020-01-24T16:30:00+0530,3970,3972,3962,3963,97,1345
2020-01-24T17:00:00+0530,3965,3977,3965,3975,89,1361
2020-01-24T17:30:00+0530,3976,3980,3967,3977,138,1356
2020-01-24T18:00:00+0530,3977,3982,3969,3973,77,1362
2020-01-24T18:30:00+0530,3973,3978,3956,3960,408,1397
2020-01-24T19:00:00+0530,3959,3965,3951,3960,228,1392
2020-01-24T19:30:00+0530,3958,3958,3917,3919,977,1489
2020-01-24T20:00:00+0530,3920,3922,3900,3920,657,1518
2020-01-24T20:30:00+0530,3920,3929,3907,3910,298,1515
2020-01-24T21:00:00+0530,3910,3918,3888,3889,459,1603
2020-01-24T21:30:00+0530,3889,3899,3868,3875,606,1611
2020-01-24T22:00:00+0530,3875,3890,3870,3883,248,1611
2020-01-24T22:30:00+0530,3883,3888,3867,3879,283,1589
2020-01-24T23:00:00+0530,3879,3894,3875,3888,310,1553
2020-01-24T23:30:00+0530,3888,3900,3879,3896,398,1442
2020-01-27T09:00:00+0530,3861,3861,3800,3807,319,1492
2020-01-27T09:30:00+0530,3807,3809,3802,3803,89,1547
2020-01-27T10:00:00+0530,3803,3807,3801,3804,111,1576
2020-01-27T10:30:00+0530,3804,3805,3799,3801,111,1606
2020-01-27T11:00:00+0530,3801,3812,3801,3804,184,1631
2020-01-27T11:30:00+0530,3804,3807,3799,3803,62,1625
2020-01-27T12:00:00+0530,3804,3807,3797,3803,94,1625
2020-01-27T12:30:00+0530,3803,3816,3802,3803,270,1689
2020-01-27T13:00:00+0530,3804,3807,3801,3802,45,1695
2020-01-27T13:30:00+0530,3802,3821,3802,3816,193,1727
2020-01-27T14:00:00+0530,3816,3819,3783,3783,384,1775
2020-01-27T14:30:00+0530,3784,3786,3752,3769,719,1810
2020-01-27T15:00:00+0530,3769,3774,3762,3768,189,1816
2020-01-27T15:30:00+0530,3768,3773,3754,3762,197,1835
2020-01-27T16:00:00+0530,3762,3772,3762,3768,161,1851
2020-01-27T16:30:00+0530,3768,3770,3757,3770,211,1888
2020-01-27T17:00:00+0530,3770,3787,3770,3786,441,1891
2020-01-27T17:30:00+0530,3786,3798,3784,3796,529,1874
2020-01-27T18:00:00+0530,3796,3801,3784,3785,257,1869
2020-01-27T18:30:00+0530,3785,3791,3767,3789,585,1872
2020-01-27T19:00:00+0530,3789,3790,3775,3780,197,1899
2020-01-27T19:30:00+0530,3776,3824,3771,3800,1118,1876
2020-01-27T20:00:00+0530,3804,3842,3797,3832,988,1867
2020-01-27T20:30:00+0530,3832,3849,3814,3833,836,1863
2020-01-27T21:00:00+0530,3833,3836,3790,3793,472,1905
2020-01-27T21:30:00+0530,3796,3802,3784,3797,482,1934
2020-01-27T22:00:00+0530,3799,3803,3778,3782,493,1996
2020-01-27T22:30:00+0530,3782,3793,3780,3785,272,1964
2020-01-27T23:00:00+0530,3785,3799,3783,3792,305,1922
2020-01-27T23:30:00+0530,3792,3812,3791,3812,455,1785
2020-01-28T09:00:00+0530,3795,3803,3793,3803,183,1852
2020-01-28T09:30:00+0530,3803,3812,3799,3809,170,1903
2020-01-28T10:00:00+0530,3809,3815,3806,3813,171,1914
2020-01-28T10:30:00+0530,3813,3814,3807,3811,35,1922
2020-01-28T11:00:00+0530,3811,3816,3809,3813,152,1964
2020-01-28T11:30:00+0530,3813,3820,3811,3819,140,2000
2020-01-28T12:00:00+0530,3819,3823,3815,3820,333,2108
2020-01-28T12:30:00+0530,3820,3825,3815,3821,109,2113
2020-01-28T13:00:00+0530,3821,3821,3812,3814,297,2076
2020-01-28T13:30:00+0530,3814,3815,3803,3803,160,2064
2020-01-28T14:00:00+0530,3803,3809,3799,3800,147,2070
2020-01-28T14:30:00+0530,3800,3800,3790,3796,210,2063
2020-01-28T15:00:00+0530,3796,3801,3791,3799,127,2064
2020-01-28T15:30:00+0530,3798,3800,3784,3793,262,2116
2020-01-28T16:00:00+0530,3793,3826,3793,3805,822,2135
2020-01-28T16:30:00+0530,3805,3805,3792,3798,189,2157
2020-01-28T17:00:00+0530,3798,3813,3798,3813,97,2141
2020-01-28T17:30:00+0530,3813,3830,3811,3826,475,2050
2020-01-28T18:00:00+0530,3826,3845,3824,3839,660,2033
2020-01-28T18:30:00+0530,3839,3844,3827,3834,336,2038
2020-01-28T19:00:00+0530,3834,3846,3823,3825,592,2002
2020-01-28T19:30:00+0530,3825,3825,3809,3817,454,2017
2020-01-28T20:00:00+0530,3817,3817,3801,3809,327,2019
2020-01-28T20:30:00+0530,3809,3858,3807,3856,805,1961
2020-01-28T21:00:00+0530,3856,3866,3845,3862,804,1816
2020-01-28T21:30:00+0530,3862,3862,3834,3845,522,1759
2020-01-28T22:00:00+0530,3845,3861,3840,3852,286,1753
2020-01-28T22:30:00+0530,3852,3854,3834,3841,215,1737
2020-01-28T23:00:00+0530,3841,3841,3829,3832,284,1769
2020-01-28T23:30:00+0530,3832,3835,3823,3830,369,1748
2020-01-29T09:00:00+0530,3886,3886,3881,3885,296,1721
2020-01-29T09:30:00+0530,3885,3889,3881,3881,139,1737
2020-01-29T10:00:00+0530,3881,3882,3876,3878,105,1705
2020-01-29T10:30:00+0530,3878,3882,3878,3882,45,1706
2020-01-29T11:00:00+0530,3882,3884,3870,3870,103,1695
2020-01-29T11:30:00+0530,3870,3875,3870,3873,69,1702
2020-01-29T12:00:00+0530,3873,3875,3869,3871,57,1729
2020-01-29T12:30:00+0530,3871,3872,3867,3872,47,1728
2020-01-29T13:00:00+0530,3872,3875,3869,3872,73,1723
2020-01-29T13:30:00+0530,3872,3875,3859,3875,211,1727
2020-01-29T14:00:00+0530,3875,3883,3873,3874,169,1760
2020-01-29T14:30:00+0530,3874,3880,3865,3873,181,1755
2020-01-29T15:00:00+0530,3873,3878,3867,3869,214,1810
2020-01-29T15:30:00+0530,3868,3876,3859,3865,339,1808
2020-01-29T16:00:00+0530,3865,3873,3864,3872,119,1830
2020-01-29T16:30:00+0530,3872,3876,3861,3863,164,1818
2020-01-29T17:00:00+0530,3863,3868,3856,3864,152,1809
2020-01-29T17:30:00+0530,3864,3865,3859,3860,76,1815
2020-01-29T18:00:00+0530,3859,3863,3856,3858,112,1795
2020-01-29T18:30:00+0530,3858,3886,3850,3881,653,1854
2020-01-29T19:00:00+0530,3881,3898,3866,3871,869,1784
2020-01-29T19:30:00+0530,3867,3869,3841,3855,717,1913
2020-01-29T20:00:00+0530,3855,3858,3822,3829,813,2014
2020-01-29T20:30:00+0530,3829,3834,3812,3830,666,2078
2020-01-29T21:00:00+0530,3810,3840,3794,3835,1298,2063
2020-01-29T21:30:00+0530,3835,3848,3830,3839,408,2009
2020-01-29T22:00:00+0530,3839,3847,3820,3847,511,1933
2020-01-29T22:30:00+0530,3847,3847,3825,3828,308,1949
2020-01-29T23:00:00+0530,3828,3834,3819,3828,261,1952
2020-01-29T23:30:00+0530,3828,3830,3818,3824,456,1878
2020-01-30T09:00:00+0530,3796,3804,3796,3799,208,1941
2020-01-30T09:30:00+0530,3799,3800,3792,3799,109,1978
2020-01-30T10:00:00+0530,3800,3804,3797,3800,99,2026
2020-01-30T10:30:00+0530,3800,3801,3796,3798,29,2032
2020-01-30T11:00:00+0530,3798,3804,3798,3804,53,2052
2020-01-30T11:30:00+0530,3804,3804,3800,3803,19,2052
2020-01-30T12:00:00+0530,3803,3803,3800,3800,22,2053
2020-01-30T12:30:00+0530,3800,3800,3789,3789,184,2067
2020-01-30T13:00:00+0530,3789,3795,3774,3778,385,2107
2020-01-30T13:30:00+0530,3778,3782,3771,3782,179,2131
2020-01-30T14:00:00+0530,3782,3790,3778,3789,129,2133
2020-01-30T14:30:00+0530,3789,3795,3783,3793,179,2156
2020-01-30T15:00:00+0530,3793,3794,3777,3780,124,2151
2020-01-30T15:30:00+0530,3780,3783,3769,3773,214,2184
2020-01-30T16:00:00+0530,3773,3782,3771,3779,135,2214
2020-01-30T16:30:00+0530,3779,3779,3746,3757,916,2375
2020-01-30T17:00:00+0530,3757,3767,3752,3767,180,2364
2020-01-30T17:30:00+0530,3767,3772,3757,3757,182,2369
2020-01-30T18:00:00+0530,3757,3763,3753,3761,308,2377
2020-01-30T18:30:00+0530,3761,3786,3757,3779,366,2328
2020-01-30T19:00:00+0530,3779,3783,3746,3755,447,2347
2020-01-30T19:30:00+0530,3755,3772,3748,3755,418,2387
2020-01-30T20:00:00+0530,3755,3794,3755,3785,935,2383
2020-01-30T20:30:00+0530,3784,3790,3765,3779,619,2358
2020-01-30T21:00:00+0530,3779,3779,3757,3763,248,2365
2020-01-30T21:30:00+0530,3763,3785,3763,3775,391,2364
2020-01-30T22:00:00+0530,3775,3782,3761,3764,324,2400
2020-01-30T22:30:00+0530,3764,3769,3740,3748,740,2509
2020-01-30T23:00:00+0530,3748,3757,3735,3746,679,2458
2020-01-30T23:30:00+0530,3746,3749,3738,3744,360,2411
2020-01-31T09:00:00+0530,3754,3834,3754,3832,678,2166
2020-01-31T09:30:00+0530,3832,3833,3828,3829,192,2106
2020-01-31T10:00:00+0530,3829,3833,3829,3832,187,2013
2020-01-31T10:30:00+0530,3832,3834,3822,3827,74,2012
2020-01-31T11:00:00+0530,3827,3830,3821,3822,84,2020
2020-01-31T11:30:00+0530,3822,3822,3816,3818,176,2031
2020-01-31T12:00:00+0530,3818,3819,3810,3817,258,2031
2020-01-31T12:30:00+0530,3817,3818,3800,3801,241,1992
2020-01-31T13:00:00+0530,3801,3802,3795,3798,260,2025
2020-01-31T13:30:00+0530,3796,3803,3793,3801,177,2056
2020-01-31T14:00:00+0530,3801,3807,3789,3789,198,2079
2020-01-31T14:30:00+0530,3789,3792,3780,3780,279,2067
2020-01-31T15:00:00+0530,3780,3781,3770,3775,313,2106
2020-01-31T15:30:00+0530,3775,3775,3754,3773,469,2194
2020-01-31T16:00:00+0530,3773,3773,3761,3770,252,2231
2020-01-31T16:30:00+0530,3769,3781,3768,3773,281,2277
2020-01-31T17:00:00+0530,3773,3775,3761,3764,288,2347
2020-01-31T17:30:00+0530,3766,3790,3766,3785,232,2304
2020-01-31T18:00:00+0530,3785,3787,3766,3766,261,2313
2020-01-31T18:30:00+0530,3766,3774,3762,3770,330,2379
2020-01-31T19:00:00+0530,3770,3771,3757,3761,236,2411
2020-01-31T19:30:00+0530,3760,3761,3732,3735,901,2594
2020-01-31T20:00:00+0530,3735,3745,3723,3741,779,2603
2020-01-31T20:30:00+0530,3742,3742,3727,3732,269,2634
2020-01-31T21:00:00+0530,3732,3734,3714,3721,536,2674
2020-01-31T21:30:00+0530,3721,3726,3700,3721,712,2699
2020-01-31T22:00:00+0530,3720,3771,3714,3757,1440,2480
2020-01-31T22:30:00+0530,3757,3760,3709,3711,718,2648
2020-01-31T23:00:00+0530,3711,3716,3691,3702,939,2731
2020-01-31T23:30:00+0530,3702,3712,3694,3704,320,2707
2020-02-01T09:00:00+0530,3722,3750,3685,3690,386,2788
2020-02-01T09:30:00+0530,3690,3702,3690,3698,139,2770
2020-02-01T10:00:00+0530,3698,3698,3694,3697,29,2771
2020-02-01T10:30:00+0530,3697,3701,3695,3698,22,2780
2020-02-01T11:00:00+0530,3698,3699,3696,3698,12,2784
2020-02-01T11:30:00+0530,3698,3699,3693,3694,29,2791
2020-02-01T12:00:00+0530,3694,3698,3694,3696,8,2789
2020-02-01T12:30:00+0530,3696,3698,3696,3698,13,2788
2020-02-01T13:00:00+0530,3698,3699,3697,3699,4,2787
2020-02-01T13:30:00+0530,3699,3699,3696,3697,17,2786
2020-02-01T14:00:00+0530,3697,3700,3697,3700,9,2785
2020-02-01T14:30:00+0530,3700,3701,3698,3699,17,2778
2020-02-01T15:00:00+0530,3699,3699,3696,3697,16,2776
2020-02-01T15:30:00+0530,3697,3698,3694,3694,27,2784
2020-02-01T16:00:00+0530,3694,3700,3694,3699,39,2776
2020-02-01T16:30:00+0530,3699,3713,3693,3704,164,2758
2020-02-03T09:00:00+0530,3689,3718,3689,3714,543,2806
2020-02-03T09:30:00+0530,3714,3714,3705,3714,239,2772
2020-02-03T10:00:00+0530,3714,3717,3708,3717,174,2840
2020-02-03T10:30:00+0530,3717,3742,3716,3738,630,2904
2020-02-03T11:00:00+0530,3738,3738,3725,3728,232,2916
2020-02-03T11:30:00+0530,3728,3728,3717,3722,181,2921
2020-02-03T12:00:00+0530,3722,3726,3710,3715,216,2958
2020-02-03T12:30:00+0530,3715,3719,3708,3716,104,2959
2020-02-03T13:00:00+0530,3716,3739,3716,3723,430,2974
2020-02-03T13:30:00+0530,3723,3723,3705,3707,290,2957
2020-02-03T14:00:00+0530,3705,3728,3705,3728,259,2963
2020-02-03T14:30:00+0530,3728,3730,3710,3718,335,2952
2020-02-03T15:00:00+0530,3718,3720,3706,3710,239,2899
2020-02-03T15:30:00+0530,3710,3744,3706,3730,1573,3053
2020-02-03T16:00:00+0530,3730,3730,3717,3727,266,3023
2020-02-03T16:30:00+0530,3724,3736,3724,3728,233,2986
2020-02-03T17:00:00+0530,3728,3730,3722,3725,100,2959
2020-02-03T17:30:00+0530,3725,3729,3710,3722,319,2939
2020-02-03T18:00:00+0530,3722,3722,3709,3711,224,2966
2020-02-03T18:30:00+0530,3711,3716,3700,3709,632,3009
2020-02-03T19:00:00+0530,3708,3719,3689,3700,1061,2974
2020-02-03T19:30:00+0530,3704,3707,3675,3682,706,3024
2020-02-03T20:00:00+0530,3682,3696,3660,3688,1273,3076
2020-02-03T20:30:00+0530,3689,3710,3672,3687,1321,2940
2020-02-03T21:00:00+0530,3687,3690,3666,3675,555,3006
2020-02-03T21:30:00+0530,3677,3678,3628,3628,1126,3203
2020-02-03T22:00:00+0530,3629,3643,3601,3621,1606,3297
2020-02-03T22:30:00+0530,3621,3633,3617,3632,775,3298
2020-02-03T23:00:00+0530,3632,3657,3626,3649,548,3227
2020-02-03T23:30:00+0530,3649,3666,3634,3640,461,3113
2020-02-04T09:00:00+0530,3632,3635,3628,3630,304,3197
2020-02-04T09:30:00+0530,3630,3631,3622,3626,248,3238
2020-02-04T10:00:00+0530,3626,3635,3625,3634,175,3289
2020-02-04T10:30:00+0530,3634,3638,3631,3632,86,3285
2020-02-04T11:00:00+0530,3632,3644,3632,3642,184,3291
2020-02-04T11:30:00+0530,3642,3644,3637,3637,129,3284
2020-02-04T12:00:00+0530,3637,3640,3633,3639,76,3292
2020-02-04T12:30:00+0530,3636,3638,3621,3634,380,3354
2020-02-04T13:00:00+0530,3634,3640,3626,3628,142,3372
2020-02-04T13:30:00+0530,3628,3651,3625,3648,349,3423
2020-02-04T14:00:00+0530,3649,3660,3637,3659,428,3402
2020-02-04T14:30:00+0530,3659,3682,3659,3670,984,3275
2020-02-04T15:00:00+0530,3670,3677,3656,3658,215,3312
2020-02-04T15:30:00+0530,3659,3660,3649,3654,256,3326
2020-02-04T16:00:00+0530,3654,3660,3648,3653,197,3323
2020-02-04T16:30:00+0530,3653,3662,3646,3661,574,3276
2020-02-04T17:00:00+0530,3661,3664,3641,3650,492,3307
2020-02-04T17:30:00+0530,3650,3664,3643,3664,216,3343
2020-02-04T18:00:00+0530,3664,3676,3658,3658,492,3303
2020-02-04T18:30:00+0530,3658,3703,3649,3700,1312,3359
2020-02-04T19:00:00+0530,3700,3701,3683,3695,503,3328
2020-02-04T19:30:00+0530,3695,3695,3655,3656,772,3336
2020-02-04T20:00:00+0530,3658,3666,3639,3640,932,3389
2020-02-04T20:30:00+0530,3640,3640,3613,3632,1005,3509
2020-02-04T21:00:00+0530,3632,3638,3609,3628,771,3524
2020-02-04T21:30:00+0530,3625,3649,3621,3627,637,3468
2020-02-04T22:00:00+0530,3627,3640,3621,3628,375,3463
2020-02-04T22:30:00+0530,3628,3631,3614,3629,449,3554
2020-02-04T23:00:00+0530,3629,3635,3615,3615,504,3531
2020-02-04T23:30:00+0530,3616,3621,3601,3606,570,3486
2020-02-05T09:00:00+0530,3611,3615,3602,3602,393,3667
2020-02-05T09:30:00+0530,3602,3608,3602,3606,58,3682
2020-02-05T10:00:00+0530,3606,3610,3604,3608,55,3700
2020-02-05T10:30:00+0530,3608,3612,3606,3607,68,3709
2020-02-05T11:00:00+0530,3607,3608,3597,3598,294,3785
2020-02-05T11:30:00+0530,3598,3604,3597,3598,165,3829
2020-02-05T12:00:00+0530,3598,3603,3597,3600,56,3839
2020-02-05T12:30:00+0530,3600,3600,3579,3585,619,3941
2020-02-05T13:00:00+0530,3585,3588,3580,3582,162,3954
2020-02-05T13:30:00+0530,3582,3590,3579,3589,156,3990
2020-02-05T14:00:00+0530,3589,3638,3589,3636,1499,3969
2020-02-05T14:30:00+0530,3637,3668,3629,3655,1466,3627
2020-02-05T15:00:00+0530,3655,3662,3644,3655,466,3642
2020-02-05T15:30:00+0530,3655,3656,3642,3643,288,3599
2020-02-05T16:00:00+0530,3643,3659,3633,3653,358,3619
2020-02-05T16:30:00+0530,3653,3677,3650,3665,814,3531
2020-02-05T17:00:00+0530,3665,3666,3643,3649,707,3492
2020-02-05T17:30:00+0530,3649,3659,3644,3657,227,3499
2020-02-05T18:00:00+0530,3657,3660,3647,3648,232,3567
2020-02-05T18:30:00+0530,3648,3669,3644,3652,718,3545
2020-02-05T19:00:00+0530,3652,3666,3648,3659,442,3516
2020-02-05T19:30:00+0530,3657,3674,3639,3671,876,3480
2020-02-05T20:00:00+0530,3673,3705,3670,3693,1486,3346
2020-02-05T20:30:00+0530,3691,3710,3683,3698,1062,3353
2020-02-05T21:00:00+0530,3712,3715,3688,3693,1255,3262
2020-02-05T21:30:00+0530,3693,3696,3676,3696,866,3285
2020-02-05T22:00:00+0530,3696,3700,3686,3696,461,3274
2020-02-05T22:30:00+0530,3696,3704,3691,3700,342,3202
2020-02-05T23:00:00+0530,3702,3722,3700,3708,682,3121
2020-02-05T23:30:00+0530,3708,3709,3690,3693,518,3079
2020-02-06T09:00:00+0530,3720,3730,3710,3719,375,3121
2020-02-06T09:30:00+0530,3719,3728,3718,3721,178,3176
2020-02-06T10:00:00+0530,3721,3726,3720,3725,85,3171
2020-02-06T10:30:00+0530,3725,3738,3725,3736,231,3177
2020-02-06T11:00:00+0530,3736,3741,3732,3738,149,3192
2020-02-06T11:30:00+0530,3738,3743,3728,3728,188,3195
2020-02-06T12:00:00+0530,3728,3736,3727,3727,115,3198
2020-02-06T12:30:00+0530,3727,3732,3720,3725,190,3233
2020-02-06T13:00:00+0530,3725,3727,3715,3725,184,3280
2020-02-06T13:30:00+0530,3723,3723,3702,3706,320,3342
2020-02-06T14:00:00+0530,3706,3740,3706,3733,1224,3480
2020-02-06T14:30:00+0530,3733,3733,3688,3690,1057,3532
2020-02-06T15:00:00+0530,3690,3700,3687,3694,272,3564
2020-02-06T15:30:00+0530,3694,3694,3677,3689,442,3576
2020-02-06T16:00:00+0530,3689,3692,3656,3666,758,3588
2020-02-06T16:30:00+0530,3665,3679,3660,3677,481,3627
2020-02-06T17:00:00+0530,3677,3684,3672,3684,279,3632
2020-02-06T17:30:00+0530,3683,3686,3670,3673,219,3614
2020-02-06T18:00:00+0530,3673,3676,3654,3663,645,3722
2020-02-06T18:30:00+0530,3663,3663,3639,3640,808,3847
2020-02-06T19:00:00+0530,3640,3655,3627,3630,908,4037
2020-02-06T19:30:00+0530,3630,3643,3626,3638,659,4051
2020-02-06T20:00:00+0530,3638,3644,3614,3644,1298,4082
2020-02-06T20:30:00+0530,3644,3658,3635,3656,798,3996
2020-02-06T21:00:00+0530,3656,3670,3636,3642,943,3949
2020-02-06T21:30:00+0530,3642,3681,3639,3661,1141,3728
2020-02-06T22:00:00+0530,3661,3667,3646,3647,526,3827
2020-02-06T22:30:00+0530,3647,3661,3647,3660,257,3778
2020-02-06T23:00:00+0530,3662,3664,3652,3661,240,3743
2020-02-06T23:30:00+0530,3661,3663,3651,3656,477,3669
2020-02-07T09:00:00+0530,3684,3688,3677,3680,603,3601
2020-02-07T09:30:00+0530,3680,3681,3667,3670,223,3613
2020-02-07T10:00:00+0530,3670,3671,3664,3668,234,3642
2020-02-07T10:30:00+0530,3668,3669,3662,3666,178,3656
2020-02-07T11:00:00+0530,3666,3676,3666,3672,162,3645
2020-02-07T11:30:00+0530,3672,3686,3669,3683,196,3637
2020-02-07T12:00:00+0530,3683,3684,3678,3681,123,3612
2020-02-07T12:30:00+0530,3681,3681,3664,3665,154,3623
2020-02-07T13:00:00+0530,3665,3670,3660,3668,203,3662
2020-02-07T13:30:00+0530,3669,3669,3660,3662,170,3698
2020-02-07T14:00:00+0530,3662,3681,3660,3670,185,3684
2020-02-07T14:30:00+0530,3670,3682,3670,3676,295,3700
2020-02-07T15:00:00+0530,3676,3697,3670,3679,753,3670
2020-02-07T15:30:00+0530,3679,3684,3660,3665,563,3743
2020-02-07T16:00:00+0530,3665,3665,3654,3656,449,3839
2020-02-07T16:30:00+0530,3656,3659,3643,3659,625,3850
2020-02-07T17:00:00+0530,3659,3661,3647,3654,341,3890
2020-02-07T17:30:00+0530,3654,3658,3648,3653,242,3936
2020-02-07T18:00:00+0530,3653,3657,3638,3642,406,3984
2020-02-07T18:30:00+0530,3642,3649,3630,3638,713,4101
2020-02-07T19:00:00+0530,3638,3645,3625,3629,725,4273
2020-02-07T19:30:00+0530,3629,3643,3621,3642,738,4274
2020-02-07T20:00:00+0530,3642,3644,3630,3632,504,4340
2020-02-07T20:30:00+0530,3632,3661,3627,3654,1070,4113
2020-02-07T21:00:00+0530,3654,3663,3647,3658,550,4054
2020-02-07T21:30:00+0530,3658,3681,3651,3674,866,3912
2020-02-07T22:00:00+0530,3674,3678,3656,3659,370,3904
2020-02-07T22:30:00+0530,3659,3666,3653,3655,226,3911
2020-02-07T23:00:00+0530,3654,3655,3642,3644,430,3845
2020-02-07T23:30:00+0530,3644,3655,3642,3655,539,3811
2020-02-10T09:00:00+0530,3627,3628,3618,3619,466,3984
2020-02-10T09:30:00+0530,3619,3623,3619,3623,83,3993
2020-02-10T10:00:00+0530,3623,3627,3620,3622,117,4041
2020-02-10T10:30:00+0530,3622,3628,3620,3627,79,4070
2020-02-10T11:00:00+0530,3627,3633,3627,3630,147,4095
2020-02-10T11:30:00+0530,3630,3635,3627,3628,91,4107
2020-02-10T12:00:00+0530,3628,3634,3628,3629,101,4142
2020-02-10T12:30:00+0530,3629,3629,3616,3622,231,4164
2020-02-10T13:00:00+0530,3622,3625,3615,3617,202,4215
2020-02-10T13:30:00+0530,3617,3625,3607,3609,417,4263
2020-02-10T14:00:00+0530,3609,3616,3603,3605,281,4292
2020-02-10T14:30:00+0530,3605,3624,3605,3617,323,4374
2020-02-10T15:00:00+0530,3617,3620,3604,3609,207,4328
2020-02-10T15:30:00+0530,3609,3613,3598,3603,577,4484
2020-02-10T16:00:00+0530,3603,3611,3599,3606,379,4511
2020-02-10T16:30:00+0530,3606,3615,3606,3614,193,4548
2020-02-10T17:00:00+0530,3614,3618,3610,3615,184,4544
2020-02-10T17:30:00+0530,3615,3626,3615,3620,438,4542
2020-02-10T18:00:00+0530,3620,3624,3612,3623,183,4572
2020-02-10T18:30:00+0530,3621,3626,3611,3617,285,4539
2020-02-10T19:00:00+0530,3617,3620,3605,3606,360,4576
2020-02-10T19:30:00+0530,3606,3607,3590,3598,630,4652
2020-02-10T20:00:00+0530,3598,3614,3593,3611,629,4696
2020-02-10T20:30:00+0530,3611,3616,3597,3600,531,4717
2020-02-10T21:00:00+0530,3600,3619,3589,3610,1020,4644
2020-02-10T21:30:00+0530,3610,3615,3593,3594,473,4647
2020-02-10T22:00:00+0530,3594,3595,3577,3583,933,4890
2020-02-10T22:30:00+0530,3583,3587,3574,3574,394,4952
2020-02-10T23:00:00+0530,3574,3580,3567,3573,667,5000
2020-02-10T23:30:00+0530,3573,3575,3562,3563,657,4875
2020-02-11T09:00:00+0530,3598,3608,3598,3605,690,4662
2020-02-11T09:30:00+0530,3605,3606,3600,3605,293,4657
2020-02-11T10:00:00+0530,3605,3607,3604,3607,74,4646
2020-02-11T10:30:00+0530,3607,3610,3604,3609,119,4677
2020-02-11T11:00:00+0530,3609,3613,3607,3607,108,4693
2020-02-11T11:30:00+0530,3607,3611,3604,3611,137,4684
2020-02-11T12:00:00+0530,3611,3616,3610,3610,396,4613
2020-02-11T12:30:00+0530,3610,3610,3600,3600,205,4644
2020-02-11T13:00:00+0530,3600,3602,3594,3597,355,4610
2020-02-11T13:30:00+0530,3596,3607,3593,3607,174,4593
2020-02-11T14:00:00+0530,3606,3610,3604,3609,133,4606
2020-02-11T14:30:00+0530,3609,3632,3601,3624,948,4484
2020-02-11T15:00:00+0530,3624,3627,3615,3621,497,4491
2020-02-11T15:30:00+0530,3621,3622,3610,3615,256,4563
2020-02-11T16:00:00+0530,3615,3622,3611,3620,105,4563
2020-02-11T16:30:00+0530,3620,3632,3617,3632,540,4516
2020-02-11T17:00:00+0530,3634,3638,3628,3631,568,4511
2020-02-11T17:30:00+0530,3631,3638,3627,3633,213,4526
2020-02-11T18:00:00+0530,3633,3640,3624,3624,500,4475
2020-02-11T18:30:00+0530,3625,3633,3619,3630,562,4574
2020-02-11T19:00:00+0530,3630,3633,3623,3631,243,4592
2020-02-11T19:30:00+0530,3630,3640,3621,3638,756,4584
2020-02-11T20:00:00+0530,3638,3640,3616,3621,1034,4527
2020-02-11T20:30:00+0530,3621,3630,3616,3621,624,4602
2020-02-11T21:00:00+0530,3621,3631,3620,3626,302,4586
2020-02-11T21:30:00+0530,3626,3631,3604,3607,967,4716
2020-02-11T22:00:00+0530,3607,3607,3595,3603,766,4776
2020-02-11T22:30:00+0530,3603,3614,3603,3613,302,4717
2020-02-11T23:00:00+0530,3613,3619,3613,3614,381,4648
2020-02-11T23:30:00+0530,3614,3614,3604,3607,552,4557
2020-02-12T09:00:00+0530,3641,3644,3637,3638,639,4468
2020-02-12T09:30:00+0530,3638,3641,3636,3637,214,4438
2020-02-12T10:00:00+0530,3637,3639,3635,3638,110,4447
2020-02-12T10:30:00+0530,3638,3641,3636,3639,157,4450
2020-02-12T11:00:00+0530,3639,3643,3637,3639,161,4469
2020-02-12T11:30:00+0530,3639,3641,3632,3632,147,4500
2020-02-12T12:00:00+0530,3632,3646,3632,3643,341,4424
2020-02-12T12:30:00+0530,3643,3648,3636,3645,147,4440
2020-02-12T13:00:00+0530,3645,3651,3644,3651,272,4466
2020-02-12T13:30:00+0530,3651,3655,3647,3650,319,4503
2020-02-12T14:00:00+0530,3650,3659,3650,3655,364,4486
2020-02-12T14:30:00+0530,3655,3657,3644,3645,287,4488
2020-02-12T15:00:00+0530,3645,3653,3645,3650,166,4506
2020-02-12T15:30:00+0530,3650,3654,3648,3649,129,4540
2020-02-12T16:00:00+0530,3649,3656,3645,3651,228,4457
2020-02-12T16:30:00+0530,3651,3657,3649,3656,100,4451
2020-02-12T17:00:00+0530,3656,3657,3652,3652,130,4476
2020-02-12T17:30:00+0530,3652,3654,3648,3653,143,4497
2020-02-12T18:00:00+0530,3653,3656,3651,3655,100,4487
2020-02-12T18:30:00+0530,3655,3679,3653,3675,951,4514
2020-02-12T19:00:00+0530,3675,3680,3669,3676,566,4607
2020-02-12T19:30:00+0530,3677,3719,3670,3707,1802,4454
2020-02-12T20:00:00+0530,3708,3715,3695,3702,858,4513
2020-02-12T20:30:00+0530,3702,3719,3698,3716,888,4399
2020-02-12T21:00:00+0530,3706,3717,3686,3692,1340,4520
2020-02-12T21:30:00+0530,3692,3694,3671,3680,1050,4521
2020-02-12T22:00:00+0530,3679,3697,3677,3691,877,4418
2020-02-12T22:30:00+0530,3692,3698,3684,3692,582,4366
2020-02-12T23:00:00+0530,3692,3697,3688,3692,493,4179
2020-02-12T23:30:00+0530,3692,3694,3685,3687,525,4109
2020-02-13T09:00:00+0530,3695,3698,3691,3695,335,4111
2020-02-13T09:30:00+0530,3695,3700,3695,3696,211,4172
2020-02-13T10:00:00+0530,3696,3699,3692,3693,150,4216
2020-02-13T10:30:00+0530,3693,3697,3692,3693,134,4236
2020-02-13T11:00:00+0530,3693,3695,3691,3691,110,4267
2020-02-13T11:30:00+0530,3691,3696,3687,3687,317,4364
2020-02-13T12:00:00+0530,3687,3690,3684,3688,119,4398
2020-02-13T12:30:00+0530,3688,3689,3681,3687,243,4444
2020-02-13T13:00:00+0530,3687,3690,3673,3674,226,4456
2020-02-13T13:30:00+0530,3674,3676,3668,3670,412,4458
2020-02-13T14:00:00+0530,3670,3678,3664,3665,333,4537
2020-02-13T14:30:00+0530,3665,3665,3654,3656,680,4605
2020-02-13T15:00:00+0530,3656,3665,3654,3660,417,4689
2020-02-13T15:30:00+0530,3660,3661,3643,3653,819,4855
2020-02-13T16:00:00+0530,3652,3663,3651,3661,255,4829
2020-02-13T16:30:00+0530,3661,3666,3655,3664,410,4915
2020-02-13T17:00:00+0530,3664,3669,3658,3666,390,4941
2020-02-13T17:30:00+0530,3666,3677,3666,3668,566,5016
2020-02-13T18:00:00+0530,3669,3669,3652,3661,633,5073
2020-02-13T18:30:00+0530,3661,3685,3661,3680,697,4962
2020-02-13T19:00:00+0530,3680,3690,3669,3687,700,4958
2020-02-13T19:30:00+0530,3686,3705,3680,3700,1091,4849
2020-02-13T20:00:00+0530,3700,3720,3699,3701,1413,4633
2020-02-13T20:30:00+0530,3701,3714,3694,3696,1010,4668
2020-02-13T21:00:00+0530,3696,3699,3685,3693,784,4737
2020-02-13T21:30:00+0530,3693,3706,3693,3694,775,4798
2020-02-13T22:00:00+0530,3694,3702,3689,3698,476,4768
2020-02-13T22:30:00+0530,3698,3730,3698,3714,1351,4646
2020-02-13T23:00:00+0530,3713,3715,3707,3710,580,4572
2020-02-13T23:30:00+0530,3710,3713,3695,3701,1190,4634
2020-02-14T09:00:00+0530,3712,3720,3697,3702,278,4679
2020-02-14T09:30:00+0530,3702,3703,3697,3702,98,4724
2020-02-14T10:00:00+0530,3702,3705,3700,3702,125,4757
2020-02-14T10:30:00+0530,3702,3710,3702,3708,140,4796
2020-02-14T11:00:00+0530,3708,3713,3704,3712,243,4824
2020-02-14T11:30:00+0530,3712,3712,3705,3706,110,4847
2020-02-14T12:00:00+0530,3706,3709,3704,3706,116,4872
2020-02-14T12:30:00+0530,3706,3713,3705,3711,129,4883
2020-02-14T13:00:00+0530,3711,3712,3705,3707,151,4933
2020-02-14T13:30:00+0530,3707,3716,3705,3708,262,4914
2020-02-14T14:00:00+0530,3708,3715,3706,3713,508,4884
2020-02-14T14:30:00+0530,3713,3713,3701,3707,299,4984
2020-02-14T15:00:00+0530,3707,3712,3703,3712,161,4979
2020-02-14T15:30:00+0530,3712,3742,3711,3734,1520,4898
2020-02-14T16:00:00+0530,3734,3752,3734,3750,1398,4744
2020-02-14T16:30:00+0530,3752,3763,3744,3758,1241,4657
2020-02-14T17:00:00+0530,3758,3761,3750,3753,530,4656
2020-02-14T17:30:00+0530,3753,3756,3742,3746,492,4677
2020-02-14T18:00:00+0530,3746,3759,3744,3756,338,4738
2020-02-14T18:30:00+0530,3756,3766,3753,3758,678,4756
2020-02-14T19:00:00+0530,3758,3758,3737,3738,1154,4947
2020-02-14T19:30:00+0530,3738,3761,3734,3757,1734,5480
2020-02-14T20:00:00+0530,3757,3768,3748,3754,1101,5441
2020-02-14T20:30:00+0530,3755,3761,3748,3748,598,5470
2020-02-14T21:00:00+0530,3748,3756,3739,3746,820,5537
2020-02-14T21:30:00+0530,3746,3754,3740,3752,483,5515
2020-02-14T22:00:00+0530,3752,3757,3737,3741,718,5562
2020-02-14T22:30:00+0530,3741,3746,3728,3730,945,5607
2020-02-14T23:00:00+0530,3730,3737,3726,3734,538,5517
2020-02-14T23:30:00+0530,3734,3743,3733,3741,803,5360
2020-02-17T09:00:00+0530,3770,3770,3746,3751,382,5494
2020-02-17T09:30:00+0530,3750,3754,3749,3752,244,5527
2020-02-17T10:00:00+0530,3752,3753,3749,3749,274,5504
2020-02-17T10:30:00+0530,3750,3752,3749,3751,134,5517
2020-02-17T11:00:00+0530,3751,3760,3751,3760,395,5554
2020-02-17T11:30:00+0530,3760,3761,3756,3757,376,5746
2020-02-17T12:00:00+0530,3756,3760,3752,3756,266,5828
2020-02-17T12:30:00+0530,3758,3762,3756,3759,193,5848
2020-02-17T13:00:00+0530,3759,3761,3752,3752,324,6048
2020-02-17T13:30:00+0530,3752,3756,3748,3754,457,6179
2020-02-17T14:00:00+0530,3754,3760,3751,3759,273,6148
2020-02-17T14:30:00+0530,3759,3759,3747,3750,414,6356
2020-02-17T15:00:00+0530,3750,3758,3748,3757,295,6317
2020-02-17T15:30:00+0530,3757,3757,3752,3756,259,6403
2020-02-17T16:00:00+0530,3756,3757,3748,3749,313,6546
2020-02-17T16:30:00+0530,3748,3752,3747,3750,324,6673
2020-02-17T17:00:00+0530,3750,3751,3743,3747,514,6743
2020-02-17T17:30:00+0530,3747,3749,3745,3748,181,6752
2020-02-17T18:00:00+0530,3748,3750,3745,3748,168,6823
2020-02-17T18:30:00+0530,3748,3748,3738,3738,301,6882
2020-02-17T19:00:00+0530,3738,3752,3738,3752,741,6816
2020-02-17T19:30:00+0530,3751,3755,3748,3748,293,6823
2020-02-17T20:00:00+0530,3748,3752,3743,3750,294,6846
2020-02-17T20:30:00+0530,3750,3752,3747,3749,178,6873
2020-02-17T21:00:00+0530,3749,3754,3748,3748,329,6830
2020-02-17T21:30:00+0530,3748,3754,3741,3752,667,6927
2020-02-17T22:00:00+0530,3754,3754,3749,3750,358,6860
2020-02-17T22:30:00+0530,3750,3756,3749,3753,360,6771
2020-02-17T23:00:00+0530,3753,3766,3751,3764,794,6580
2020-02-17T23:30:00+0530,3764,3772,3763,3770,912,6379
2020-02-18T09:00:00+0530,3760,3760,3720,3724,1355,7093
2020-02-18T09:30:00+0530,3724,3727,3724,3724,574,7297
2020-02-18T10:00:00+0530,3724,3725,3716,3718,793,7624
2020-02-18T10:30:00+0530,3718,3722,3718,3722,343,7758
2020-02-18T11:00:00+0530,3722,3724,3720,3724,237,7819
2020-02-18T11:30:00+0530,3724,3726,3722,3726,321,7967
2020-02-18T12:00:00+0530,3726,3726,3721,3723,456,8290
2020-02-18T12:30:00+0530,3723,3725,3718,3719,397,8434
2020-02-18T13:00:00+0530,3719,3719,3701,3704,1536,8934
2020-02-18T13:30:00+0530,3704,3709,3700,3700,1602,9420
2020-02-18T14:00:00+0530,3700,3709,3700,3706,555,9460
2020-02-18T14:30:00+0530,3706,3706,3691,3697,1492,9900
2020-02-18T15:00:00+0530,3697,3701,3693,3697,627,10088
2020-02-18T15:30:00+0530,3697,3706,3688,3701,1268,10292
2020-02-18T16:00:00+0530,3700,3702,3694,3701,668,10486
2020-02-18T16:30:00+0530,3701,3706,3698,3706,604,10719
2020-02-18T17:00:00+0530,3706,3706,3689,3691,1476,11355
2020-02-18T17:30:00+0530,3691,3695,3683,3687,1773,11807
2020-02-18T18:00:00+0530,3687,3690,3675,3680,1485,12166
2020-02-18T18:30:00+0530,3680,3689,3676,3686,1192,12391
2020-02-18T19:00:00+0530,3686,3690,3676,3682,1294,12729
2020-02-18T19:30:00+0530,3682,3690,3675,3690,1684,12932
2020-02-18T20:00:00+0530,3690,3710,3689,3706,4353,12548
2020-02-18T20:30:00+0530,3706,3720,3706,3708,4604,12065
2020-02-18T21:00:00+0530,3707,3741,3701,3727,6131,11070
2020-02-18T21:30:00+0530,3727,3728,3694,3714,5017,11239
2020-02-18T22:00:00+0530,3713,3728,3710,3723,2392,11107
2020-02-18T22:30:00+0530,3723,3733,3721,3729,2231,10821
2020-02-18T23:00:00+0530,3729,3736,3723,3732,1450,10430
2020-02-18T23:30:00+0530,3732,3744,3730,3740,2694,9829
2020-02-19T09:00:00+0530,3745,3798,3745,3791,3944,10314
2020-02-19T09:30:00+0530,3791,3795,3788,3791,1005,10514
2020-02-19T10:00:00+0530,3791,3794,3790,3792,706,10759
2020-02-19T10:30:00+0530,3792,3794,3785,3786,996,11025
2020-02-19T11:00:00+0530,3786,3792,3786,3787,1315,10999
2020-02-19T11:30:00+0530,3788,3788,3784,3786,956,11467
2020-02-19T12:00:00+0530,3786,3788,3780,3781,1099,11781
2020-02-19T12:30:00+0530,3782,3791,3781,3791,1284,12208
2020-02-19T13:00:00+0530,3791,3792,3787,3788,1037,12615
2020-02-19T13:30:00+0530,3788,3790,3780,3783,1818,13157
2020-02-19T14:00:00+0530,3783,3785,3776,3778,1469,13320
2020-02-19T14:30:00+0530,3778,3785,3775,3781,1322,13568
2020-02-19T15:00:00+0530,3782,3796,3778,3793,2533,13580
2020-02-19T15:30:00+0530,3793,3805,3793,3803,4752,14935
2020-02-19T16:00:00+0530,3803,3803,3796,3798,1112,15245
2020-02-19T16:30:00+0530,3798,3804,3795,3800,1386,15534
2020-02-19T17:00:00+0530,3800,3815,3799,3809,3564,15816
2020-02-19T17:30:00+0530,3809,3810,3802,3804,1681,15946
2020-02-19T18:00:00+0530,3804,3806,3797,3804,2312,16544
2020-02-19T18:30:00+0530,3804,3809,3801,3807,1583,16672
2020-02-19T19:00:00+0530,3807,3820,3807,3811,3964,16548
2020-02-19T19:30:00+0530,3810,3823,3796,3820,7040,16573
2020-02-19T20:00:00+0530,3820,3824,3800,3802,4215,17141
2020-02-19T20:30:00+0530,3801,3802,3786,3796,5606,17587
2020-02-19T21:00:00+0530,3796,3821,3795,3820,6999,17457
2020-02-19T21:30:00+0530,3820,3845,3816,3843,9177,16123
2020-02-19T22:00:00+0530,3845,3848,3828,3834,6465,16752
2020-02-19T22:30:00+0530,3834,3849,3830,3844,4327,17405
2020-02-19T23:00:00+0530,3845,3855,3843,3848,5050,16974
2020-02-19T23:30:00+0530,3849,3855,3844,3849,6419,15878
2020-02-20T09:00:00+0530,3860,3867,3855,3859,10456,20058
2020-02-20T09:30:00+0530,3859,3862,3858,3860,2544,20918
2020-02-20T10:00:00+0530,3860,3864,3856,3863,3782,21675
2020-02-20T10:30:00+0530,3863,3865,3861,3861,2546,22349
2020-02-20T11:00:00+0530,3862,3868,3858,3867,5794,23666
2020-02-20T11:30:00+0530,3867,3869,3863,3867,4437,24545
2020-02-20T12:00:00+0530,3867,3870,3862,3864,4968,25593
2020-02-20T12:30:00+0530,3863,3869,3857,3864,9693,26479
2020-02-20T13:00:00+0530,3864,3868,3861,3866,3416,27095
2020-02-20T13:30:00+0530,3865,3866,3843,3845,18271,27095
2020-02-20T14:00:00+0530,3845,3851,3844,3850,7519,28264
2020-02-20T14:30:00+0530,3851,3858,3849,3856,9273,29057
2020-02-20T15:00:00+0530,3857,3862,3851,3861,10988,30221
2020-02-20T15:30:00+0530,3860,3868,3856,3862,13171,30379
2020-02-20T16:00:00+0530,3862,3862,3852,3857,7062,30643
2020-02-20T16:30:00+0530,3856,3862,3850,3856,7833,30819
2020-02-20T17:00:00+0530,3856,3865,3854,3859,8366,31448
2020-02-20T17:30:00+0530,3858,3876,3856,3874,22077,30344
2020-02-20T18:00:00+0530,3874,3888,3873,3884,22077,29062
2020-02-20T18:30:00+0530,3885,3887,3874,3877,15269,29913
2020-02-20T19:00:00+0530,3876,3888,3871,3885,16094,30447
2020-02-20T19:30:00+0530,3885,3903,3884,3895,33837,28951
2020-02-20T20:00:00+0530,3894,3898,3887,3892,13892,29091
2020-02-20T20:30:00+0530,3892,3912,3890,3908,21417,28362
2020-02-20T21:00:00+0530,3909,3924,3908,3922,21718,29327
2020-02-20T21:30:00+0530,3931,3938,3911,3916,53466,28328
2020-02-20T22:00:00+0530,3916,3921,3882,3889,40000,24742
2020-02-20T22:30:00+0530,3890,3907,3886,3891,20284,24533
2020-02-20T23:00:00+0530,3892,3902,3886,3898,14757,21765
2020-02-20T23:30:00+0530,3899,3916,3895,3908,15660,15124
2020-02-21T17:00:00+0530,3824,3827,3810,3817,20592,20345
2020-02-21T17:30:00+0530,3818,3826,3817,3824,7681,21886
2020-02-21T18:00:00+0530,3824,3835,3821,3832,10316,22536
2020-02-21T18:30:00+0530,3832,3837,3820,3833,17191,23504
2020-02-21T19:00:00+0530,3833,3841,3817,3822,20337,25860
2020-02-21T19:30:00+0530,3821,3848,3819,3827,30217,25721
2020-02-21T20:00:00+0530,3826,3832,3800,3816,35810,25435
2020-02-21T20:30:00+0530,3817,3844,3806,3837,28655,23896
2020-02-21T21:00:00+0530,3837,3841,3811,3817,22715,24827
2020-02-21T21:30:00+0530,3816,3829,3809,3828,22545,23782
2020-02-21T22:00:00+0530,3828,3844,3827,3839,22975,24865
2020-02-21T22:30:00+0530,3840,3847,3832,3838,14864,23686
2020-02-21T23:00:00+0530,3838,3854,3836,3854,19315,20855
2020-02-21T23:30:00+0530,3854,3865,3853,3856,21698,14793
2020-02-24T09:00:00+0530,3827,3827,3750,3758,14341,19335
2020-02-24T09:30:00+0530,3758,3767,3758,3760,7833,20673
2020-02-24T10:00:00+0530,3761,3762,3758,3758,3705,22073
2020-02-24T10:30:00+0530,3758,3764,3754,3761,4946,23191
2020-02-24T11:00:00+0530,3761,3764,3757,3760,3156,23579
2020-02-24T11:30:00+0530,3760,3771,3759,3767,7030,23507
2020-02-24T12:00:00+0530,3767,3767,3760,3762,4007,24404
2020-02-24T12:30:00+0530,3762,3766,3744,3748,14365,26235
2020-02-24T13:00:00+0530,3748,3754,3741,3741,8982,27803
2020-02-24T13:30:00+0530,3741,3742,3730,3731,14474,28995
2020-02-24T14:00:00+0530,3732,3734,3726,3731,10026,29777
2020-02-24T14:30:00+0530,3731,3734,3707,3719,22204,28563
2020-02-24T15:00:00+0530,3719,3724,3707,3718,12657,30099
2020-02-24T15:30:00+0530,3718,3721,3711,3720,6997,31164
2020-02-24T16:00:00+0530,3720,3721,3708,3716,9291,32096
2020-02-24T16:30:00+0530,3716,3718,3707,3708,10260,33484
2020-02-24T17:00:00+0530,3708,3715,3703,3706,18024,34855
2020-02-24T17:30:00+0530,3706,3715,3706,3708,6912,35574
2020-02-24T18:00:00+0530,3709,3712,3701,3709,10034,36779
2020-02-24T18:30:00+0530,3708,3719,3707,3713,12082,37632
2020-02-24T19:00:00+0530,3713,3714,3686,3691,28890,36788
2020-02-24T19:30:00+0530,3691,3692,3676,3681,27360,36973
2020-02-24T20:00:00+0530,3681,3706,3679,3705,24634,35893
2020-02-24T20:30:00+0530,3704,3713,3691,3692,20881,36259
2020-02-24T21:00:00+0530,3691,3694,3682,3693,17579,38111
2020-02-24T21:30:00+0530,3692,3698,3681,3684,16824,38382
2020-02-24T22:00:00+0530,3684,3691,3671,3672,20261,38101
2020-02-24T22:30:00+0530,3672,3674,3662,3669,19723,36100
2020-02-24T23:00:00+0530,3669,3678,3664,3668,14334,32016
2020-02-24T23:30:00+0530,3668,3671,3651,3664,21094,22056
2020-02-25T09:00:00+0530,3699,3724,3699,3717,10998,22044
2020-02-25T09:30:00+0530,3718,3720,3716,3719,4200,23077
2020-02-25T10:00:00+0530,3719,3728,3719,3726,9217,25427
2020-02-25T10:30:00+0530,3726,3729,3724,3725,6567,27275
2020-02-25T11:00:00+0530,3725,3733,3721,3733,9489,28898
2020-02-25T11:30:00+0530,3733,3733,3728,3733,5524,29566
2020-02-25T12:00:00+0530,3733,3744,3732,3741,16200,30217
2020-02-25T12:30:00+0530,3741,3751,3740,3743,13278,29477
2020-02-25T13:00:00+0530,3743,3744,3732,3736,11438,29630
2020-02-25T13:30:00+0530,3736,3739,3710,3712,20209,28686
2020-02-25T14:00:00+0530,3713,3721,3706,3711,17120,29233
2020-02-25T14:30:00+0530,3711,3721,3697,3699,19601,28625
2020-02-25T15:00:00+0530,3699,3713,3695,3704,15510,29917
2020-02-25T15:30:00+0530,3704,3710,3695,3696,7091,30548
2020-02-25T16:00:00+0530,3697,3700,3686,3692,19009,30149
2020-02-25T16:30:00+0530,3692,3700,3687,3699,9150,30635
2020-02-25T17:00:00+0530,3698,3712,3697,3703,16288,31368
2020-02-25T17:30:00+0530,3703,3704,3689,3697,12181,32206
2020-02-25T18:00:00+0530,3697,3708,3692,3702,9384,32820
2020-02-25T18:30:00+0530,3702,3724,3697,3711,27945,31893
2020-02-25T19:00:00+0530,3711,3714,3690,3697,21278,31765
2020-02-25T19:30:00+0530,3697,3702,3684,3696,23654,32132
2020-02-25T20:00:00+0530,3696,3702,3670,3682,40864,32598
2020-02-25T20:30:00+0530,3682,3687,3642,3647,40474,33245
2020-02-25T21:00:00+0530,3647,3661,3630,3650,32114,32028
2020-02-25T21:30:00+0530,3650,3659,3642,3654,24603,32220
2020-02-25T22:00:00+0530,3653,3659,3641,3653,15938,32002
2020-02-25T22:30:00+0530,3653,3655,3637,3639,9875,32093
2020-02-25T23:00:00+0530,3639,3650,3638,3649,10607,29444
2020-02-25T23:30:00+0530,3648,3654,3628,3629,17970,24308
2020-02-26T09:00:00+0530,3645,3645,3619,3620,8827,27280
2020-02-26T09:30:00+0530,3620,3624,3616,3622,7273,29730
2020-02-26T10:00:00+0530,3622,3626,3622,3624,3762,30608
2020-02-26T10:30:00+0530,3624,3626,3620,3623,4649,32104
2020-02-26T11:00:00+0530,3623,3625,3615,3617,7658,33243
2020-02-26T11:30:00+0530,3617,3617,3595,3598,18934,32945
2020-02-26T12:00:00+0530,3597,3603,3593,3598,8850,34351
2020-02-26T12:30:00+0530,3596,3599,3577,3579,16629,34992
2020-02-26T13:00:00+0530,3578,3584,3570,3583,13853,36481
2020-02-26T13:30:00+0530,3583,3587,3566,3572,14552,37942
2020-02-26T14:00:00+0530,3572,3575,3552,3555,22859,38800
2020-02-26T14:30:00+0530,3555,3557,3526,3545,34671,36587
2020-02-26T15:00:00+0530,3546,3557,3537,3539,19120,36961
2020-02-26T15:30:00+0530,3540,3560,3534,3558,18851,37037
2020-02-26T16:00:00+0530,3559,3559,3542,3543,10478,38106
2020-02-26T16:30:00+0530,3544,3564,3543,3559,15050,38202
2020-02-26T17:00:00+0530,3559,3567,3543,3545,18512,39572
2020-02-26T17:30:00+0530,3546,3546,3531,3535,26492,40984
2020-02-26T18:00:00+0530,3535,3544,3529,3538,15812,42054
2020-02-26T18:30:00+0530,3540,3545,3530,3539,16257,42071
2020-02-26T19:00:00+0530,3539,3555,3535,3551,15942,41974
2020-02-26T19:30:00+0530,3552,3575,3551,3572,32559,39093
2020-02-26T20:00:00+0530,3571,3608,3563,3599,47495,34227
2020-02-26T20:30:00+0530,3600,3600,3578,3592,31684,33229
2020-02-26T21:00:00+0530,3608,3625,3586,3599,56617,34173
2020-02-26T21:30:00+0530,3598,3604,3579,3593,30913,32744
2020-02-26T22:00:00+0530,3593,3595,3557,3560,32679,32789
2020-02-26T22:30:00+0530,3560,3568,3546,3555,27133,33017
2020-02-26T23:00:00+0530,3557,3565,3549,3553,16830,31403
2020-02-26T23:30:00+0530,3553,3555,3536,3551,20823,24514
2020-02-27T09:00:00+0530,3530,3530,3453,3459,14028,29014
2020-02-27T09:30:00+0530,3459,3461,3453,3454,5965,30829
2020-02-27T10:00:00+0530,3453,3454,3446,3448,12534,31723
2020-02-27T10:30:00+0530,3448,3455,3447,3451,6218,32791
2020-02-27T11:00:00+0530,3451,3457,3450,3455,5406,33732
2020-02-27T11:30:00+0530,3456,3456,3442,3444,9025,34358
2020-02-27T12:00:00+0530,3445,3450,3438,3449,11190,35503
2020-02-27T12:30:00+0530,3449,3464,3447,3457,18296,36215
2020-02-27T13:00:00+0530,3457,3466,3449,3450,15862,38607
2020-02-27T13:30:00+0530,3451,3461,3446,3461,9929,39070
2020-02-27T14:00:00+0530,3460,3472,3450,3468,13983,37704
2020-02-27T14:30:00+0530,3469,3477,3460,3470,15993,37692
2020-02-27T15:00:00+0530,3470,3475,3441,3446,23991,40266
2020-02-27T15:30:00+0530,3446,3449,3429,3437,25353,40726
2020-02-27T16:00:00+0530,3436,3445,3426,3427,16153,40830
2020-02-27T16:30:00+0530,3426,3431,3420,3429,17622,41510
2020-02-27T17:00:00+0530,3429,3430,3413,3415,18697,42040
2020-02-27T17:30:00+0530,3416,3425,3406,3407,19557,41047
2020-02-27T18:00:00+0530,3405,3411,3397,3400,24892,43585
2020-02-27T18:30:00+0530,3400,3407,3395,3398,13506,45393
2020-02-27T19:00:00+0530,3398,3406,3363,3378,43453,43418
2020-02-27T19:30:00+0530,3376,3381,3334,3341,49082,41792
2020-02-27T20:00:00+0530,3340,3358,3325,3343,48174,43292
2020-02-27T20:30:00+0530,3344,3354,3333,3334,25144,45057
2020-02-27T21:00:00+0530,3334,3363,3306,3362,45466,41305
2020-02-27T21:30:00+0530,3362,3391,3356,3373,51894,35874
2020-02-27T22:00:00+0530,3374,3384,3338,3382,41583,34403
2020-02-27T22:30:00+0530,3382,3422,3376,3400,48257,30566
2020-02-27T23:00:00+0530,3400,3430,3395,3399,29336,27824
2020-02-27T23:30:00+0530,3398,3413,3366,3370,18121,25004
2020-02-28T09:00:00+0530,3322,3322,3299,3316,20970,27489
2020-02-28T09:30:00+0530,3316,3324,3303,3309,10538,28596
2020-02-28T10:00:00+0530,3309,3313,3303,3308,6604,29419
2020-02-28T10:30:00+0530,3308,3312,3295,3297,18953,30738
2020-02-28T11:00:00+0530,3296,3305,3290,3295,13745,31575
2020-02-28T11:30:00+0530,3295,3312,3295,3308,17791,32314
2020-02-28T12:00:00+0530,3309,3311,3293,3305,10693,32735
2020-02-28T12:30:00+0530,3305,3315,3296,3309,15770,33404
2020-02-28T13:00:00+0530,3309,3321,3305,3315,15541,33624
2020-02-28T13:30:00+0530,3312,3345,3301,3318,37469,32893
2020-02-28T14:00:00+0530,3318,3323,3304,3317,19917,33831
2020-02-28T14:30:00+0530,3318,3319,3271,3275,31201,31760
2020-02-28T15:00:00+0530,3275,3296,3263,3284,34256,32410
2020-02-28T15:30:00+0530,3284,3307,3267,3298,32519,33294
2020-02-28T16:00:00+0530,3298,3303,3286,3287,12708,34039
2020-02-28T16:30:00+0530,3287,3320,3282,3296,26264,34325
2020-02-28T17:00:00+0530,3296,3334,3296,3323,25182,32930
2020-02-28T17:30:00+0530,3323,3337,3309,3325,25342,32884
2020-02-28T18:00:00+0530,3326,3331,3313,3319,15988,33747
2020-02-28T18:30:00+0530,3319,3328,3292,3292,23092,33228
2020-02-28T19:00:00+0530,3293,3311,3288,3309,24732,33670
2020-02-28T19:30:00+0530,3306,3313,3271,3281,31519,34480
2020-02-28T20:00:00+0530,3281,3306,3275,3284,33013,33730
2020-02-28T20:30:00+0530,3284,3292,3246,3246,49332,36241
2020-02-28T21:00:00+0530,3247,3254,3228,3230,46074,38871
2020-02-28T21:30:00+0530,3231,3251,3206,3241,46783,37800
2020-02-28T22:00:00+0530,3243,3288,3241,3257,46303,33698
2020-02-28T22:30:00+0530,3257,3282,3245,3279,24590,31959
2020-02-28T23:00:00+0530,3280,3285,3254,3270,20345,29683
2020-02-28T23:30:00+0530,3271,3272,3250,3263,17491,24875
2020-03-02T09:00:00+0530,3326,3362,3326,3345,22393,28818
2020-03-02T09:30:00+0530,3346,3355,3340,3347,9994,29912
2020-03-02T10:00:00+0530,3347,3352,3343,3346,5787,30802
2020-03-02T10:30:00+0530,3346,3351,3342,3348,4415,31798
2020-03-02T11:00:00+0530,3348,3359,3338,3359,11371,31843
2020-03-02T11:30:00+0530,3357,3359,3350,3353,7484,33524
2020-03-02T12:00:00+0530,3353,3354,3333,3335,13983,36010
2020-03-02T12:30:00+0530,3336,3342,3320,3323,19510,35579
2020-03-02T13:00:00+0530,3323,3364,3316,3363,35338,31630
2020-03-02T13:30:00+0530,3362,3385,3358,3359,34382,31079
2020-03-02T14:00:00+0530,3358,3371,3351,3355,17362,34163
2020-03-02T14:30:00+0530,3355,3357,3336,3346,17989,34355
2020-03-02T15:00:00+0530,3346,3351,3320,3326,24351,34550
2020-03-02T15:30:00+0530,3326,3327,3305,3313,26001,35758
2020-03-02T16:00:00+0530,3313,3324,3303,3304,18291,36200
2020-03-02T16:30:00+0530,3304,3320,3295,3314,27531,35402
2020-03-02T17:00:00+0530,3313,3325,3284,3289,26091,35242
2020-03-02T17:30:00+0530,3290,3323,3289,3323,28462,35550
2020-03-02T18:00:00+0530,3323,3336,3312,3332,25129,34449
2020-03-02T18:30:00+0530,3332,3342,3316,3326,24858,34860
2020-03-02T19:00:00+0530,3326,3373,3321,3373,40852,31177
2020-03-02T19:30:00+0530,3372,3388,3357,3382,39881,30549
2020-03-02T20:00:00+0530,3383,3384,3338,3355,42714,31855
2020-03-02T20:30:00+0530,3356,3375,3343,3362,30709,30108
2020-03-02T21:00:00+0530,3362,3397,3351,3383,36619,28594
2020-03-02T21:30:00+0530,3384,3425,3366,3413,54743,27087
2020-03-02T22:00:00+0530,3412,3451,3410,3432,41743,26566
2020-03-02T22:30:00+0530,3433,3458,3419,3433,28559,25899
2020-03-02T23:00:00+0530,3432,3448,3432,3439,17454,24296
2020-03-02T23:30:00+0530,3440,3443,3414,3419,20902,18612
2020-03-03T09:00:00+0530,3449,3510,3449,3505,13994,21453
2020-03-03T09:30:00+0530,3505,3506,3492,3494,8346,22426
2020-03-03T10:00:00+0530,3494,3498,3490,3493,6531,23011
2020-03-03T10:30:00+0530,3493,3499,3490,3496,5681,24031
2020-03-03T11:00:00+0530,3495,3495,3483,3485,8265,24355
2020-03-03T11:30:00+0530,3483,3484,3469,3483,16422,25018
2020-03-03T12:00:00+0530,3483,3495,3469,3495,14164,25630
2020-03-03T12:30:00+0530,3495,3495,3470,3478,14141,27432
2020-03-03T13:00:00+0530,3478,3500,3477,3498,17179,26182
2020-03-03T13:30:00+0530,3498,3514,3490,3505,22713,26379
2020-03-03T14:00:00+0530,3505,3512,3492,3500,15393,27409
2020-03-03T14:30:00+0530,3499,3550,3490,3532,35512,24455
2020-03-03T15:00:00+0530,3532,3560,3529,3558,20210,24550
2020-03-03T15:30:00+0530,3558,3559,3540,3553,11938,26390
2020-03-03T16:00:00+0530,3554,3577,3548,3570,22763,24991
2020-03-03T16:30:00+0530,3570,3576,3555,3558,19294,26206
2020-03-03T17:00:00+0530,3558,3564,3537,3546,20120,27140
2020-03-03T17:30:00+0530,3548,3560,3537,3544,15481,28680
2020-03-03T18:00:00+0530,3544,3550,3497,3508,43919,27975
2020-03-03T18:30:00+0530,3507,3559,3498,3556,41806,26851
2020-03-03T19:00:00+0530,3556,3556,3519,3528,27505,27792
2020-03-03T19:30:00+0530,3528,3535,3509,3520,24054,28389
2020-03-03T20:00:00+0530,3518,3524,3495,3505,30125,30330
2020-03-03T20:30:00+0530,3507,3571,3463,3498,101256,25251
2020-03-03T21:00:00+0530,3497,3542,3497,3532,40859,23279
2020-03-03T21:30:00+0530,3531,3535,3438,3457,60126,26061
2020-03-03T22:00:00+0530,3457,3487,3454,3479,34819,24533
2020-03-03T22:30:00+0530,3479,3499,3469,3478,29802,22556
2020-03-03T23:00:00+0530,3478,3486,3463,3472,15924,21407
2020-03-03T23:30:00+0530,3470,3471,3433,3444,14563,17995
2020-03-04T09:00:00+0530,3478,3531,3478,3517,11754,19981
2020-03-04T09:30:00+0530,3517,3530,3511,3529,8990,19711
2020-03-04T10:00:00+0530,3529,3542,3527,3539,12047,20225
2020-03-04T10:30:00+0530,3539,3539,3528,3533,7379,21051
2020-03-04T11:00:00+0530,3534,3552,3532,3544,10968,21812
2020-03-04T11:30:00+0530,3545,3549,3535,3536,8996,22895
2020-03-04T12:00:00+0530,3537,3542,3532,3534,7107,24289
2020-03-04T12:30:00+0530,3534,3543,3519,3520,13106,24373
2020-03-04T13:00:00+0530,3519,3520,3493,3500,25299,25149
2020-03-04T13:30:00+0530,3500,3505,3486,3489,16253,27393
2020-03-04T14:00:00+0530,3490,3508,3488,3496,12537,28634
2020-03-04T14:30:00+0530,3496,3512,3485,3506,14913,28302
2020-03-04T15:00:00+0530,3507,3519,3501,3509,15514,29240
2020-03-04T15:30:00+0530,3509,3545,3503,3514,33401,25469
2020-03-04T16:00:00+0530,3514,3525,3511,3513,12674,27364
2020-03-04T16:30:00+0530,3513,3516,3492,3504,18772,27864
2020-03-04T17:00:00+0530,3504,3523,3502,3521,13995,28270
2020-03-04T17:30:00+0530,3521,3547,3513,3542,30585,25095
2020-03-04T18:00:00+0530,3541,3546,3520,3528,20644,24713
2020-03-04T18:30:00+0530,3528,3544,3518,3532,21409,25250
2020-03-04T19:00:00+0530,3532,3555,3529,3545,23658,27002
2020-03-04T19:30:00+0530,3546,3571,3538,3568,30384,26801
2020-03-04T20:00:00+0530,3568,3577,3548,3550,25417,26881
2020-03-04T20:30:00+0530,3552,3576,3542,3553,26880,25380
2020-03-04T21:00:00+0530,3567,3570,3526,3527,42300,27018
2020-03-04T21:30:00+0530,3526,3539,3496,3502,39457,25467
2020-03-04T22:00:00+0530,3502,3507,3462,3470,49147,26342
2020-03-04T22:30:00+0530,3471,3490,3455,3489,36417,26092
2020-03-04T23:00:00+0530,3489,3512,3487,3502,26617,22558
2020-03-04T23:30:00+0530,3503,3515,3500,3510,15212,17085
2020-03-05T09:00:00+0530,3502,3505,3493,3497,9501,19319
2020-03-05T09:30:00+0530,3498,3501,3493,3497,6102,20759
2020-03-05T10:00:00+0530,3497,3502,3492,3492,4302,21612
2020-03-05T10:30:00+0530,3493,3500,3488,3495,9015,23123
2020-03-05T11:00:00+0530,3495,3502,3493,3497,5446,24084
2020-03-05T11:30:00+0530,3497,3500,3490,3491,5388,25276
2020-03-05T12:00:00+0530,3491,3494,3480,3482,11673,25348
2020-03-05T12:30:00+0530,3482,3484,3466,3470,16622,26359
2020-03-05T13:00:00+0530,3470,3474,3463,3470,9561,28126
2020-03-05T13:30:00+0530,3470,3470,3450,3461,17848,28912
2020-03-05T14:00:00+0530,3461,3472,3458,3462,11593,30218
2020-03-05T14:30:00+0530,3462,3463,3446,3452,15827,32265
2020-03-05T15:00:00+0530,3451,3458,3434,3435,15042,31830
2020-03-05T15:30:00+0530,3435,3438,3412,3415,28402,33831
2020-03-05T16:00:00+0530,3415,3432,3414,3429,14087,34785
2020-03-05T16:30:00+0530,3429,3496,3429,3462,63241,27729
2020-03-05T17:00:00+0530,3461,3467,3433,3441,25557,29005
2020-03-05T17:30:00+0530,3442,3470,3441,3463,19507,28965
2020-03-05T18:00:00+0530,3463,3488,3446,3467,24760,29119
2020-03-05T18:30:00+0530,3468,3477,3434,3441,27900,29723
2020-03-05T19:00:00+0530,3442,3452,3432,3432,22166,31476
2020-03-05T19:30:00+0530,3432,3473,3426,3466,36522,29158
2020-03-05T20:00:00+0530,3466,3468,3441,3450,23938,29673
2020-03-05T20:30:00+0530,3450,3462,3435,3451,21090,29194
2020-03-05T21:00:00+0530,3450,3469,3446,3465,20322,29022
2020-03-05T21:30:00+0530,3465,3485,3460,3477,33067,27699
2020-03-05T22:00:00+0530,3476,3477,3450,3458,17014,27287
2020-03-05T22:30:00+0530,3458,3470,3454,3459,14601,26425
2020-03-05T23:00:00+0530,3458,3464,3427,3439,26852,23994
2020-03-05T23:30:00+0530,3437,3443,3416,3435,18686,19705
2020-03-06T09:00:00+0530,3424,3424,3378,3381,12853,21570
2020-03-06T09:30:00+0530,3381,3385,3375,3379,8769,22648
2020-03-06T10:00:00+0530,3379,3381,3363,3367,8882,23639
2020-03-06T10:30:00+0530,3367,3370,3362,3362,5360,24293
2020-03-06T11:00:00+0530,3362,3375,3357,3374,9034,25032
2020-03-06T11:30:00+0530,3374,3380,3369,3378,8493,26369
2020-03-06T12:00:00+0530,3378,3384,3366,3369,10465,26995
2020-03-06T12:30:00+0530,3369,3382,3369,3370,6225,27645
2020-03-06T13:00:00+0530,3370,3376,3355,3358,12328,27894
2020-03-06T13:30:00+0530,3358,3359,3340,3348,21226,29581
2020-03-06T14:00:00+0530,3348,3358,3334,3353,16931,30027
2020-03-06T14:30:00+0530,3353,3360,3340,3343,12027,30563
2020-03-06T15:00:00+0530,3343,3348,3328,3334,18168,33158
2020-03-06T15:30:00+0530,3334,3342,3330,3337,9554,34264
2020-03-06T16:00:00+0530,3337,3345,3226,3294,77107,31204
2020-03-06T16:30:00+0530,3294,3295,3247,3266,33042,33468
2020-03-06T17:00:00+0530,3266,3283,3259,3268,23262,34282
2020-03-06T17:30:00+0530,3268,3288,3257,3270,20616,33555
2020-03-06T18:00:00+0530,3270,3277,3245,3255,26034,36400
2020-03-06T18:30:00+0530,3254,3302,3231,3294,52855,31622
2020-03-06T19:00:00+0530,3295,3299,3251,3264,28096,32274
2020-03-06T19:30:00+0530,3265,3321,3265,3293,37842,32818
2020-03-06T20:00:00+0530,3293,3301,3210,3231,59064,38046
2020-03-06T20:30:00+0530,3228,3235,3176,3192,55801,40307
2020-03-06T21:00:00+0530,3192,3211,3175,3179,28694,39011
2020-03-06T21:30:00+0530,3179,3180,3139,3149,38561,41770
2020-03-06T22:00:00+0530,3148,3182,3144,3176,27323,37518
2020-03-06T22:30:00+0530,3176,3184,3150,3165,19688,37136
2020-03-06T23:00:00+0530,3165,3168,3151,3165,15039,34273
2020-03-06T23:30:00+0530,3165,3170,3147,3162,18747,25935
2020-03-09T09:00:00+0530,3130,3130,2875,2875,301,26191
2020-03-09T09:30:00+0530,2875,2875,2686,2686,108,26289
2020-03-09T10:00:00+0530,2686,2686,2496,2496,73,26353
2020-03-09T10:30:00+0530,2496,2496,2307,2307,236,26448
2020-03-09T11:00:00+0530,2307,2307,2153,2214,18306,22739
2020-03-09T11:30:00+0530,2215,2270,2183,2269,19019,21843
2020-03-09T12:00:00+0530,2268,2269,2223,2256,9475,21538
2020-03-09T12:30:00+0530,2256,2269,2231,2255,8864,20704
2020-03-09T13:00:00+0530,2257,2276,2213,2263,11457,20352
2020-03-09T13:30:00+0530,2263,2406,2262,2392,28531,19949
2020-03-09T14:00:00+0530,2390,2449,2364,2422,24670,19085
2020-03-09T14:30:00+0530,2424,2456,2407,2456,12964,19248
2020-03-09T15:00:00+0530,2455,2521,2446,2501,19782,18736
2020-03-09T15:30:00+0530,2501,2510,2373,2425,32543,18899
2020-03-09T16:00:00+0530,2427,2471,2372,2388,19644,19154
2020-03-09T16:30:00+0530,2389,2428,2376,2404,12554,19584
2020-03-09T17:00:00+0530,2404,2417,2383,2400,8846,19773
2020-03-09T17:30:00+0530,2403,2437,2394,2398,13819,19782
2020-03-09T18:00:00+0530,2398,2400,2352,2369,16529,19902
2020-03-09T18:30:00+0530,2368,2464,2368,2443,17773,19240
2020-03-09T19:00:00+0530,2445,2507,2405,2488,23012,18376
2020-03-09T19:30:00+0530,2487,2618,2478,2575,28999,17609
2020-03-09T20:00:00+0530,2575,2582,2491,2537,24908,17363
2020-03-09T20:30:00+0530,2535,2578,2532,2543,17760,17199
2020-03-09T21:00:00+0530,2544,2574,2524,2560,12256,17174
2020-03-09T21:30:00+0530,2558,2598,2533,2535,15966,17473
2020-03-09T22:00:00+0530,2535,2540,2482,2492,20279,17373
2020-03-09T22:30:00+0530,2490,2512,2456,2459,10532,17134
2020-03-09T23:00:00+0530,2461,2484,2433,2444,14037,14680
2020-03-11T09:00:00+0530,2563,2649,2563,2624,14306,16609
2020-03-11T09:30:00+0530,2624,2634,2621,2631,3846,17051
2020-03-11T10:00:00+0530,2632,2632,2612,2613,7828,18462
2020-03-11T10:30:00+0530,2612,2613,2586,2595,13151,18581
2020-03-11T11:00:00+0530,2595,2603,2564,2598,14701,18398
2020-03-11T11:30:00+0530,2602,2611,2576,2590,12175,19097
2020-03-11T12:00:00+0530,2591,2598,2556,2564,15230,19508
2020-03-11T12:30:00+0530,2564,2578,2494,2501,29276,19336
2020-03-11T13:00:00+0530,2500,2536,2495,2535,15344,19777
2020-03-11T13:30:00+0530,2534,2539,2495,2507,15889,20500
2020-03-11T14:00:00+0530,2508,2539,2501,2525,13504,19644
2020-03-11T14:30:00+0530,2522,2527,2476,2494,20131,20305
2020-03-11T15:00:00+0530,2494,2504,2476,2480,15697,20516
2020-03-11T15:30:00+0530,2481,2481,2456,2471,20438,21254
2020-03-11T16:00:00+0530,2470,2492,2468,2480,11510,21191
2020-03-11T16:30:00+0530,2480,2490,2466,2472,9972,21805
2020-03-11T17:00:00+0530,2471,2477,2454,2468,12889,22567
2020-03-11T17:30:00+0530,2467,2487,2447,2458,21640,22311
2020-03-11T18:00:00+0530,2457,2474,2449,2457,13090,22281
2020-03-11T18:30:00+0530,2455,2486,2448,2485,21997,21549
2020-03-11T19:00:00+0530,2485,2492,2468,2479,22099,21616
2020-03-11T19:30:00+0530,2479,2505,2472,2493,19879,20956
2020-03-11T20:00:00+0530,2494,2505,2465,2492,38254,21869
2020-03-11T20:30:00+0530,2494,2494,2455,2476,21033,21463
2020-03-11T21:00:00+0530,2478,2495,2467,2476,18867,21462
2020-03-11T21:30:00+0530,2475,2513,2467,2481,25870,20531
2020-03-11T22:00:00+0530,2481,2497,2479,2492,13812,19788
2020-03-11T22:30:00+0530,2492,2492,2468,2480,14755,19194
2020-03-11T23:00:00+0530,2481,2502,2473,2498,13347,14169
2020-03-12T09:00:00+0530,2440,2440,2335,2339,10661,15509
2020-03-12T09:30:00+0530,2340,2370,2333,2361,13654,16109
2020-03-12T10:00:00+0530,2361,2370,2351,2360,8311,16552
2020-03-12T10:30:00+0530,2360,2368,2336,2339,10148,16760
2020-03-12T11:00:00+0530,2340,2372,2338,2370,10041,17485
2020-03-12T11:30:00+0530,2369,2370,2350,2361,6332,18047
2020-03-12T12:00:00+0530,2361,2365,2354,2355,5161,18361
2020-03-12T12:30:00+0530,2356,2369,2338,2341,10248,18291
2020-03-12T13:00:00+0530,2341,2353,2336,2344,6449,18203
2020-03-12T13:30:00+0530,2344,2363,2340,2347,8833,18241
2020-03-12T14:00:00+0530,2346,2357,2332,2338,10391,17991
2020-03-12T14:30:00+0530,2336,2346,2324,2337,9740,17967
2020-03-12T15:00:00+0530,2336,2357,2328,2334,10077,18196
2020-03-12T15:30:00+0530,2333,2338,2314,2330,12115,18331
2020-03-12T16:00:00+0530,2330,2338,2324,2326,6067,18486
2020-03-12T16:30:00+0530,2326,2331,2309,2318,10031,18561
2020-03-12T17:00:00+0530,2318,2326,2305,2320,7055,18517
2020-03-12T17:30:00+0530,2320,2335,2313,2319,10052,18493
2020-03-12T18:00:00+0530,2320,2326,2303,2307,9383,18532
2020-03-12T18:30:00+0530,2308,2316,2284,2293,14122,18141
2020-03-12T19:00:00+0530,2292,2345,2260,2340,31398,17459
2020-03-12T19:30:00+0530,2340,2344,2314,2330,18170,18164
2020-03-12T20:00:00+0530,2331,2358,2324,2350,19607,18575
2020-03-12T20:30:00+0530,2349,2368,2340,2358,13223,19367
2020-03-12T21:00:00+0530,2358,2415,2342,2363,25931,17415
2020-03-12T21:30:00+0530,2364,2368,2313,2322,18095,17086
2020-03-12T22:00:00+0530,2322,2370,2309,2368,15676,16603
2020-03-12T22:30:00+0530,2368,2420,2333,2347,30757,15746
2020-03-12T23:00:00+0530,2346,2350,2314,2335,18482,12884
2020-03-13T09:00:00+0530,2342,2348,2320,2344,9283,14770
2020-03-13T09:30:00+0530,2344,2356,2341,2351,5528,15673
2020-03-13T10:00:00+0530,2351,2374,2348,2374,8954,15624
2020-03-13T10:30:00+0530,2374,2430,2372,2411,17999,16156
2020-03-13T11:00:00+0530,2414,2429,2386,2393,12348,17089
2020-03-13T11:30:00+0530,2393,2409,2369,2401,13048,17371
2020-03-13T12:00:00+0530,2401,2419,2397,2403,7362,17625
2020-03-13T12:30:00+0530,2403,2443,2396,2431,12816,17331
2020-03-13T13:00:00+0530,2431,2467,2427,2460,12728,17144
2020-03-13T13:30:00+0530,2461,2466,2434,2444,9406,17532
2020-03-13T14:00:00+0530,2444,2450,2421,2427,10102,17627
2020-03-13T14:30:00+0530,2428,2454,2425,2438,6593,17973
2020-03-13T15:00:00+0530,2440,2467,2434,2458,8221,17761
2020-03-13T15:30:00+0530,2458,2464,2444,2454,7791,18030
2020-03-13T16:00:00+0530,2454,2469,2452,2461,7694,18142
2020-03-13T16:30:00+0530,2460,2479,2456,2466,8938,18070
2020-03-13T17:00:00+0530,2466,2479,2465,2467,5114,17863
2020-03-13T17:30:00+0530,2467,2494,2454,2491,11683,17504
2020-03-13T18:00:00+0530,2492,2511,2473,2480,15414,16867
2020-03-13T18:30:00+0530,2477,2480,2407,2439,23976,18365
2020-03-13T19:00:00+0530,2440,2446,2402,2421,15855,19250
2020-03-13T19:30:00+0530,2420,2455,2415,2443,14031,18889
2020-03-13T20:00:00+0530,2444,2450,2395,2400,15524,18700
2020-03-13T20:30:00+0530,2401,2418,2362,2367,18286,19104
2020-03-13T21:00:00+0530,2367,2377,2330,2352,20152,18594
2020-03-13T21:30:00+0530,2351,2358,2328,2342,12073,18801
2020-03-13T22:00:00+0530,2341,2398,2333,2368,17209,17216
2020-03-13T22:30:00+0530,2368,2397,2357,2388,10006,16710
2020-03-13T23:00:00+0530,2388,2415,2375,2410,13475,12153
2020-03-16T09:00:00+0530,2334,2334,2319,2330,4985,13660
2020-03-16T09:30:00+0530,2330,2342,2326,2337,5421,14787
2020-03-16T10:00:00+0530,2337,2337,2312,2318,6225,15733
2020-03-16T10:30:00+0530,2318,2326,2310,2316,6869,16244
2020-03-16T11:00:00+0530,2316,2316,2295,2298,10331,15848
2020-03-16T11:30:00+0530,2299,2307,2291,2297,6702,16233
2020-03-16T12:00:00+0530,2297,2297,2269,2270,11260,16400
2020-03-16T12:30:00+0530,2270,2277,2254,2262,11110,16717
2020-03-16T13:00:00+0530,2262,2305,2262,2286,11799,16731
2020-03-16T13:30:00+0530,2286,2297,2253,2257,12556,16329
2020-03-16T14:00:00+0530,2256,2268,2243,2246,11898,16773
2020-03-16T14:30:00+0530,2248,2262,2240,2258,6900,17093
2020-03-16T15:00:00+0530,2258,2261,2242,2252,4925,17408
2020-03-16T15:30:00+0530,2251,2255,2226,2247,10677,17326
2020-03-16T16:00:00+0530,2248,2250,2228,2235,6321,17479
2020-03-16T16:30:00+0530,2236,2239,2201,2206,11890,17500
2020-03-16T17:00:00+0530,2206,2207,2168,2174,15546,17308
2020-03-16T17:30:00+0530,2175,2213,2175,2187,15329,17316
2020-03-16T18:00:00+0530,2187,2188,2154,2161,13920,17782
2020-03-16T18:30:00+0530,2163,2190,2154,2167,12617,18091
2020-03-16T19:00:00+0530,2167,2199,2125,2184,34323,17435
2020-03-16T19:30:00+0530,2185,2228,2166,2213,23933,16866
2020-03-16T20:00:00+0530,2213,2258,2210,2229,21846,16253
2020-03-16T20:30:00+0530,2229,2267,2210,2250,18577,16308
2020-03-16T21:00:00+0530,2250,2263,2219,2231,12489,16448
2020-03-16T21:30:00+0530,2229,2239,2178,2181,18222,16517
2020-03-16T22:00:00+0530,2182,2205,2162,2174,11842,16643
2020-03-16T22:30:00+0530,2174,2193,2166,2184,9724,16986
2020-03-16T23:00:00+0530,2183,2188,2147,2153,14233,12753
2020-03-17T09:00:00+0530,2213,2236,2213,2235,9727,15614
2020-03-17T09:30:00+0530,2236,2236,2221,2225,5956,16784
2020-03-17T10:00:00+0530,2225,2237,2214,2235,6114,17413
2020-03-17T10:30:00+0530,2235,2236,2219,2221,4783,17929
2020-03-17T11:00:00+0530,2220,2234,2212,2233,7812,18067
2020-03-17T11:30:00+0530,2234,2234,2221,2224,4126,18388
2020-03-17T12:00:00+0530,2223,2232,2216,2228,3802,18338
2020-03-17T12:30:00+0530,2228,2249,2227,2235,11648,17742
2020-03-17T13:00:00+0530,2235,2252,2233,2249,6441,17639
2020-03-17T13:30:00+0530,2249,2253,2222,2226,10899,18403
2020-03-17T14:00:00+0530,2225,2227,2165,2172,22152,16101
2020-03-17T14:30:00+0530,2169,2189,2164,2174,11901,16729
2020-03-17T15:00:00+0530,2174,2175,2149,2159,14444,16719
2020-03-17T15:30:00+0530,2159,2188,2153,2181,10531,16981
2020-03-17T16:00:00+0530,2180,2196,2172,2195,7530,17113
2020-03-17T16:30:00+0530,2195,2203,2177,2178,11814,17502
2020-03-17T17:00:00+0530,2178,2182,2159,2163,10282,17630
2020-03-17T17:30:00+0530,2163,2167,2146,2156,12533,18030
2020-03-17T18:00:00+0530,2157,2161,2133,2146,13982,18200
2020-03-17T18:30:00+0530,2144,2168,2134,2148,15031,18538
2020-03-17T19:00:00+0530,2150,2158,2123,2128,17369,19016
2020-03-17T19:30:00+0530,2129,2159,2123,2154,15466,18563
2020-03-17T20:00:00+0530,2153,2168,2136,2142,17834,19020
2020-03-17T20:30:00+0530,2142,2174,2133,2156,14404,17968
2020-03-17T21:00:00+0530,2156,2164,2137,2159,11307,17891
2020-03-17T21:30:00+0530,2158,2189,2137,2139,23307,17226
2020-03-17T22:00:00+0530,2138,2149,2104,2107,15749,17607
2020-03-17T22:30:00+0530,2108,2119,2083,2112,16514,16964
2020-03-17T23:00:00+0530,2112,2119,2068,2068,13469,12480
2020-03-18T09:00:00+0530,2016,2032,2012,2026,9141,14608
2020-03-18T09:30:00+0530,2026,2036,2024,2033,3938,15112
2020-03-18T10:00:00+0530,2033,2035,1998,2008,13096,14460
2020-03-18T10:30:00+0530,2008,2016,1994,1996,8561,14968
2020-03-18T11:00:00+0530,1996,1996,1970,1970,14169,13682
2020-03-18T11:30:00+0530,1970,1988,1970,1977,8863,14649
2020-03-18T12:00:00+0530,1978,1979,1959,1974,9937,15106
2020-03-18T12:30:00+0530,1974,1979,1962,1967,7253,15589
2020-03-18T13:00:00+0530,1966,1974,1956,1964,7046,15633
2020-03-18T13:30:00+0530,1964,1968,1938,1955,13865,14952
2020-03-18T14:00:00+0530,1955,1962,1944,1962,7737,15242
2020-03-18T14:30:00+0530,1962,1984,1927,1934,17289,14655
2020-03-18T15:00:00+0530,1932,1934,1907,1907,11690,14573
2020-03-18T15:30:00+0530,1907,1925,1889,1890,15662,15756
2020-03-18T16:00:00+0530,1890,1922,1885,1898,12673,16645
2020-03-18T16:30:00+0530,1899,1907,1887,1903,8754,16945
2020-03-18T17:00:00+0530,1904,1909,1864,1868,14844,16377
2020-03-18T17:30:00+0530,1868,1879,1837,1858,21904,14530
2020-03-18T18:00:00+0530,1858,1858,1823,1828,11573,14155
2020-03-18T18:30:00+0530,1828,1830,1779,1790,24196,13750
2020-03-18T19:00:00+0530,1788,1832,1787,1816,27076,13947
2020-03-18T19:30:00+0530,1816,1829,1794,1801,15639,14135
2020-03-18T20:00:00+0530,1801,1812,1753,1755,24918,14174
2020-03-18T20:30:00+0530,1754,1762,1718,1728,22801,13630
2020-03-18T21:00:00+0530,1728,1751,1725,1736,13755,13611
2020-03-18T21:30:00+0530,1737,1738,1672,1688,26474,12639
2020-03-18T22:00:00+0530,1687,1706,1674,1677,14288,12171
2020-03-18T22:30:00+0530,1677,1688,1656,1656,17540,10826
2020-03-18T23:00:00+0530,1656,1656,1583,1603,11617,8190
2020-03-19T09:00:00+0530,1682,1682,1620,1620,15505,8917
2020-03-19T09:30:00+0530,1620,1650,1612,1639,8438,9439
2020-03-19T10:00:00+0530,1639,1683,1638,1670,11396,9419
2020-03-19T10:30:00+0530,1670,1716,1665,1696,14321,9694
2020-03-19T11:00:00+0530,1696,1739,1692,1734,12136,10461
2020-03-19T11:30:00+0530,1734,1762,1733,1741,14877,11103
2020-03-19T12:00:00+0530,1742,1764,1733,1754,10260,10283
2020-03-19T12:30:00+0530,1755,1764,1654,1689,20015,8609
2020-03-19T13:00:00+0530,1689,1724,1684,1698,8707,8343
2020-03-19T13:30:00+0530,1698,1766,1696,1766,13459,8507
2020-03-19T14:00:00+0530,1767,1790,1744,1772,13841,8816
2020-03-19T14:30:00+0530,1770,1776,1717,1720,11213,8714
2020-03-19T15:00:00+0530,1719,1752,1712,1722,10618,8922
2020-03-19T15:30:00+0530,1722,1727,1671,1703,15934,7773
2020-03-19T16:00:00+0530,1703,1741,1697,1702,14184,7881
2020-03-19T16:30:00+0530,1702,1721,1701,1705,7471,8116
2020-03-19T17:00:00+0530,1705,1705,1652,1656,16101,7371
2020-03-19T17:30:00+0530,1655,1671,1644,1657,11638,7429
2020-03-19T18:00:00+0530,1657,1666,1645,1662,8203,7697
2020-03-19T18:30:00+0530,1663,1702,1648,1698,15672,7281
2020-03-19T19:00:00+0530,1700,1714,1630,1680,21975,6538
2020-03-19T19:30:00+0530,1679,1750,1663,1740,22136,6002
2020-03-19T20:00:00+0530,1740,1756,1712,1741,18349,5869
2020-03-19T20:30:00+0530,1742,1813,1741,1813,17369,4771
2020-03-19T21:00:00+0530,1813,1861,1795,1802,16874,4466
2020-03-19T21:30:00+0530,1801,1817,1772,1815,12827,4453
2020-03-19T22:00:00+0530,1815,1899,1790,1872,23371,3665
2020-03-19T22:30:00+0530,1873,1887,1854,1867,14807,3206
2020-03-19T23:00:00+0530,1867,1904,1826,1897,9984,1122
2020-03-20T09:00:00+0530,2059,2088,2059,2084,10810,19411
2020-03-20T09:30:00+0530,2084,2098,2073,2098,7901,19554
2020-03-20T10:00:00+0530,2098,2107,2083,2090,9349,20769
2020-03-20T10:30:00+0530,2090,2093,2044,2048,13626,20018
2020-03-20T11:00:00+0530,2049,2057,2019,2044,12374,20318
2020-03-20T11:30:00+0530,2044,2079,2042,2073,9430,20619
2020-03-20T12:00:00+0530,2076,2139,2068,2133,22568,19810
2020-03-20T12:30:00+0530,2132,2133,2080,2114,14280,20900
2020-03-20T13:00:00+0530,2114,2134,2107,2117,8484,20807
2020-03-20T13:30:00+0530,2117,2158,2109,2152,17494,19381
2020-03-20T14:00:00+0530,2151,2152,2111,2139,10676,19573
2020-03-20T14:30:00+0530,2137,2154,2134,2144,6988,19960
2020-03-20T15:00:00+0530,2145,2182,2138,2167,11452,19716
2020-03-20T15:30:00+0530,2166,2175,2131,2135,10035,19890
2020-03-20T16:00:00+0530,2134,2144,2091,2093,12768,20050
2020-03-20T16:30:00+0530,2093,2114,2038,2061,25391,20315
2020-03-20T17:00:00+0530,2060,2093,2047,2056,16260,21349
2020-03-20T17:30:00+0530,2058,2067,2013,2014,19534,21328
2020-03-20T18:00:00+0530,2013,2027,1938,1971,30730,21236
2020-03-20T18:30:00+0530,1972,2019,1938,1971,27788,21890
2020-03-20T19:00:00+0530,1970,1972,1883,1899,29913,22572
2020-03-20T19:30:00+0530,1899,1941,1894,1919,23212,23529
2020-03-20T20:00:00+0530,1918,1960,1914,1936,22578,23132
2020-03-20T20:30:00+0530,1936,1948,1844,1861,30996,22617
2020-03-20T21:00:00+0530,1860,1870,1823,1854,22565,22799
2020-03-20T21:30:00+0530,1859,1931,1851,1920,33034,21591
2020-03-20T22:00:00+0530,1922,1999,1920,1971,25306,20853
2020-03-20T22:30:00+0530,1972,2005,1907,1939,23360,19901
2020-03-20T23:00:00+0530,1938,1961,1918,1945,13474,18267
2020-03-23T09:00:00+0530,1905,1905,1768,1780,6955,18654
2020-03-23T09:30:00+0530,1780,1810,1778,1789,7298,19244
2020-03-23T10:00:00+0530,1789,1805,1788,1798,3926,19695
2020-03-23T10:30:00+0530,1798,1801,1764,1775,10527,20755
2020-03-23T11:00:00+0530,1775,1795,1765,1793,8629,20878
2020-03-23T11:30:00+0530,1792,1819,1786,1789,12708,21007
2020-03-23T12:00:00+0530,1789,1799,1777,1791,5837,20985
2020-03-23T12:30:00+0530,1792,1808,1777,1780,6329,21141
2020-03-23T13:00:00+0530,1781,1797,1768,1796,7737,21114
2020-03-23T13:30:00+0530,1796,1803,1765,1772,7560,21587
2020-03-23T14:00:00+0530,1773,1774,1746,1754,9560,21695
2020-03-23T14:30:00+0530,1755,1794,1753,1765,8447,21463
2020-03-23T15:00:00+0530,1764,1784,1760,1770,4133,21705
2020-03-23T15:30:00+0530,1770,1780,1759,1772,6410,22069
2020-03-23T16:00:00+0530,1772,1780,1761,1765,3728,22526
2020-03-23T16:30:00+0530,1765,1771,1750,1759,5359,22916
2020-03-23T17:00:00+0530,1759,1774,1741,1772,9573,22778
2020-03-23T17:30:00+0530,1772,1870,1771,1821,36821,21885
2020-03-23T18:00:00+0530,1821,1844,1791,1843,16763,22484
2020-03-23T18:30:00+0530,1842,1863,1812,1828,13949,22560
2020-03-23T19:00:00+0530,1828,1830,1796,1827,18822,22794
2020-03-23T19:30:00+0530,1829,1847,1800,1812,11888,22914
2020-03-23T20:00:00+0530,1812,1820,1783,1808,12103,22656
2020-03-23T20:30:00+0530,1809,1816,1786,1792,7136,22683
2020-03-23T21:00:00+0530,1792,1795,1760,1763,10343,22688
2020-03-23T21:30:00+0530,1763,1791,1762,1774,6967,22696
2020-03-23T22:00:00+0530,1773,1836,1768,1818,11581,22455
2020-03-23T22:30:00+0530,1819,1836,1802,1809,7886,21836
2020-03-23T23:00:00+0530,1810,1827,1794,1812,8888,19256
2020-03-24T09:00:00+0530,1886,1922,1886,1909,8471,19453
2020-03-24T09:30:00+0530,1909,1931,1897,1923,6838,19685
2020-03-24T10:00:00+0530,1923,1935,1913,1933,5910,20216
2020-03-24T10:30:00+0530,1932,1949,1930,1941,6480,20236
2020-03-24T11:00:00+0530,1942,1943,1917,1935,7680,20665
2020-03-24T11:30:00+0530,1935,1958,1927,1950,9451,20572
2020-03-24T12:00:00+0530,1950,1965,1928,1951,10615,20446
2020-03-24T12:30:00+0530,1951,1955,1936,1943,4318,20639
2020-03-24T13:00:00+0530,1944,1951,1926,1939,6218,21016
2020-03-24T13:30:00+0530,1939,1959,1923,1935,10896,20537
2020-03-24T14:00:00+0530,1935,1945,1921,1945,6421,20925
2020-03-24T14:30:00+0530,1944,1969,1936,1968,8603,20266
2020-03-24T15:00:00+0530,1969,1974,1959,1962,7705,19920
2020-03-24T15:30:00+0530,1962,1977,1956,1961,10295,19426
2020-03-24T16:00:00+0530,1961,1982,1949,1959,10190,19976
2020-03-24T16:30:00+0530,1959,1967,1937,1946,9276,20313
2020-03-24T17:00:00+0530,1946,1952,1898,1910,14461,20039
2020-03-24T17:30:00+0530,1910,1924,1900,1911,11935,20735
2020-03-24T18:00:00+0530,1911,1937,1893,1925,16729,20277
2020-03-24T18:30:00+0530,1928,1954,1918,1946,15646,21084
2020-03-24T19:00:00+0530,1947,1953,1894,1903,20074,21621
2020-03-24T19:30:00+0530,1903,1904,1876,1890,14478,22183
2020-03-24T20:00:00+0530,1888,1890,1868,1884,12013,22011
2020-03-24T20:30:00+0530,1884,1919,1876,1884,11851,21589
2020-03-24T21:00:00+0530,1884,1903,1867,1897,10704,21386
2020-03-24T21:30:00+0530,1896,1911,1886,1896,6922,21288
2020-03-24T22:00:00+0530,1896,1899,1876,1889,6802,21153
2020-03-24T22:30:00+0530,1889,1895,1864,1888,11647,20959
2020-03-24T23:00:00+0530,1888,1892,1855,1870,9105,18201
2020-03-25T09:00:00+0530,1908,1984,1908,1966,7777,18350
2020-03-25T09:30:00+0530,1967,1974,1961,1962,4440,18677
2020-03-25T10:00:00+0530,1962,1979,1962,1974,3736,18929
2020-03-25T10:30:00+0530,1974,1983,1966,1977,8274,19323
2020-03-25T11:00:00+0530,1977,1982,1971,1981,4350,19504
2020-03-25T11:30:00+0530,1981,1982,1968,1977,3595,19695
2020-03-25T12:00:00+0530,1977,1980,1973,1976,1922,19722
2020-03-25T12:30:00+0530,1976,1978,1967,1971,3210,19846
2020-03-25T13:00:00+0530,1971,1974,1960,1965,4211,19914
2020-03-25T13:30:00+0530,1965,1965,1946,1949,8578,20285
2020-03-25T14:00:00+0530,1949,1960,1940,1946,7746,20281
2020-03-25T14:30:00+0530,1946,1966,1944,1957,6174,20526
2020-03-25T15:00:00+0530,1957,1962,1930,1939,7338,20805
2020-03-25T15:30:00+0530,1939,1939,1904,1908,12103,21194
2020-03-25T16:00:00+0530,1909,1917,1856,1867,19135,21146
2020-03-25T16:30:00+0530,1867,1894,1865,1887,11583,22017
2020-03-25T17:00:00+0530,1887,1898,1875,1893,9445,22134
2020-03-25T17:30:00+0530,1893,1893,1860,1868,9626,22535
2020-03-25T18:00:00+0530,1868,1893,1860,1879,10300,23050
2020-03-25T18:30:00+0530,1879,1890,1873,1883,6856,23382
2020-03-25T19:00:00+0530,1883,1906,1867,1889,13708,23498
2020-03-25T19:30:00+0530,1887,1891,1841,1856,17715,23344
2020-03-25T20:00:00+0530,1852,1888,1847,1882,19335,22942
2020-03-25T20:30:00+0530,1883,1917,1875,1910,18115,22222
2020-03-25T21:00:00+0530,1909,1929,1885,1887,17323,21503
2020-03-25T21:30:00+0530,1887,1913,1887,1911,9681,21531
2020-03-25T22:00:00+0530,1909,1944,1906,1934,12905,20555
2020-03-25T22:30:00+0530,1934,1949,1924,1945,8117,19768
2020-03-25T23:00:00+0530,1945,1973,1943,1960,10620,17511
2020-03-26T09:00:00+0530,1922,1928,1904,1908,6342,18686
2020-03-26T09:30:00+0530,1908,1912,1891,1894,5242,19085
2020-03-26T10:00:00+0530,1894,1895,1875,1890,8083,19490
2020-03-26T10:30:00+0530,1890,1899,1885,1888,5451,20250
2020-03-26T11:00:00+0530,1888,1890,1881,1889,3594,20535
2020-03-26T11:30:00+0530,1888,1889,1873,1875,5084,20673
2020-03-26T12:00:00+0530,1875,1883,1865,1869,5912,20864
2020-03-26T12:30:00+0530,1869,1871,1858,1867,8010,21655
2020-03-26T13:00:00+0530,1867,1867,1853,1864,5711,22256
2020-03-26T13:30:00+0530,1863,1882,1852,1858,10811,22549
2020-03-26T14:00:00+0530,1858,1883,1854,1880,6682,22677
2020-03-26T14:30:00+0530,1881,1895,1871,1879,10043,23040
2020-03-26T15:00:00+0530,1878,1886,1869,1874,6781,23405
2020-03-26T15:30:00+0530,1873,1890,1872,1885,7238,23477
2020-03-26T16:00:00+0530,1884,1892,1862,1865,9137,23819
2020-03-26T16:30:00+0530,1866,1877,1863,1872,6239,24095
2020-03-26T17:00:00+0530,1872,1880,1866,1868,4473,24212
2020-03-26T17:30:00+0530,1869,1870,1852,1858,8698,24665
2020-03-26T18:00:00+0530,1858,1872,1853,1868,8550,24771
2020-03-26T18:30:00+0530,1867,1884,1860,1864,10081,24856
2020-03-26T19:00:00+0530,1864,1868,1843,1857,15306,25203
2020-03-26T19:30:00+0530,1855,1870,1844,1862,10509,25526
2020-03-26T20:00:00+0530,1862,1879,1857,1869,10237,25479
2020-03-26T20:30:00+0530,1869,1871,1842,1849,12435,25596
2020-03-26T21:00:00+0530,1850,1855,1831,1840,11198,25097
2020-03-26T21:30:00+0530,1840,1842,1816,1829,10531,25242
2020-03-26T22:00:00+0530,1829,1840,1828,1833,5452,25146
2020-03-26T22:30:00+0530,1833,1833,1793,1795,17242,24630
2020-03-26T23:00:00+0530,1795,1796,1778,1793,10758,22874
2020-03-27T09:00:00+0530,1795,1822,1791,1807,11068,24710
2020-03-27T09:30:00+0530,1808,1813,1802,1812,3721,25402
2020-03-27T10:00:00+0530,1812,1815,1808,1808,3802,26330
2020-03-27T10:30:00+0530,1808,1808,1783,1792,9633,26461
2020-03-27T11:00:00+0530,1791,1800,1789,1798,5557,26862
2020-03-27T11:30:00+0530,1798,1808,1794,1800,6059,26847
2020-03-27T12:00:00+0530,1800,1804,1792,1797,4204,26937
2020-03-27T12:30:00+0530,1796,1798,1779,1786,7663,26901
2020-03-27T13:00:00+0530,1786,1795,1784,1788,3762,27007
2020-03-27T13:30:00+0530,1789,1795,1784,1790,4861,27137
2020-03-27T14:00:00+0530,1789,1803,1789,1801,7456,27258
2020-03-27T14:30:00+0530,1802,1807,1790,1791,7514,27395
2020-03-27T15:00:00+0530,1791,1791,1771,1786,13307,27753
2020-03-27T15:30:00+0530,1786,1787,1775,1785,6518,28043
2020-03-27T16:00:00+0530,1785,1790,1773,1778,6696,28441
2020-03-27T16:30:00+0530,1778,1782,1774,1775,5363,28736
2020-03-27T17:00:00+0530,1775,1779,1763,1768,9709,28492
2020-03-27T17:30:00+0530,1767,1768,1753,1757,13676,28556
2020-03-27T18:00:00+0530,1756,1758,1723,1733,19741,29164
2020-03-27T18:30:00+0530,1732,1735,1718,1725,13466,29464
2020-03-27T19:00:00+0530,1727,1733,1704,1711,13504,29405
2020-03-27T19:30:00+0530,1710,1719,1690,1692,15226,29679
2020-03-27T20:00:00+0530,1692,1698,1683,1690,11937,30473
2020-03-27T20:30:00+0530,1690,1706,1687,1702,9563,30368
2020-03-27T21:00:00+0530,1702,1706,1685,1687,8798,30430
2020-03-27T21:30:00+0530,1687,1702,1685,1693,7731,30537
2020-03-27T22:00:00+0530,1693,1719,1691,1708,11702,29465
2020-03-27T22:30:00+0530,1707,1708,1690,1693,6927,28886
2020-03-27T23:00:00+0530,1694,1710,1691,1704,11034,26026
2020-03-30T09:00:00+0530,1632,1632,1610,1614,9688,27383
2020-03-30T09:30:00+0530,1614,1624,1614,1614,6273,28211
2020-03-30T10:00:00+0530,1614,1617,1602,1609,11148,29011
2020-03-30T10:30:00+0530,1608,1616,1607,1610,5842,29566
2020-03-30T11:00:00+0530,1609,1626,1608,1625,8038,30340
2020-03-30T11:30:00+0530,1625,1662,1621,1625,16897,30020
2020-03-30T12:00:00+0530,1625,1636,1615,1620,7817,30516
2020-03-30T12:30:00+0530,1620,1625,1610,1612,7676,31208
2020-03-30T13:00:00+0530,1612,1613,1594,1602,15711,32188
2020-03-30T13:30:00+0530,1602,1607,1598,1605,5293,32621
2020-03-30T14:00:00+0530,1605,1611,1597,1602,7611,32594
2020-03-30T14:30:00+0530,1602,1637,1598,1629,11002,31893
2020-03-30T15:00:00+0530,1629,1630,1606,1610,11423,32444
2020-03-30T15:30:00+0530,1610,1618,1605,1613,6567,32770
2020-03-30T16:00:00+0530,1613,1616,1605,1610,10178,32521
2020-03-30T16:30:00+0530,1610,1625,1607,1624,16221,27671
2020-03-31T09:00:00+0530,1654,1680,1654,1671,10477,29721
2020-03-31T09:30:00+0530,1671,1673,1661,1665,6930,31300
2020-03-31T10:00:00+0530,1666,1666,1651,1660,11188,32288
2020-03-31T10:30:00+0530,1660,1668,1651,1664,8531,33074
2020-03-31T11:00:00+0530,1664,1670,1661,1668,8055,34274
2020-03-31T11:30:00+0530,1668,1674,1662,1671,9048,34876
2020-03-31T12:00:00+0530,1671,1672,1654,1656,10166,35273
2020-03-31T12:30:00+0530,1656,1662,1652,1656,7447,36070
2020-03-31T13:00:00+0530,1657,1662,1654,1660,4037,35794
2020-03-31T13:30:00+0530,1660,1667,1641,1642,12852,34620
2020-03-31T14:00:00+0530,1643,1653,1642,1650,10097,34673
2020-03-31T14:30:00+0530,1650,1666,1649,1662,11990,34886
2020-03-31T15:00:00+0530,1663,1683,1660,1666,13075,34427
2020-03-31T15:30:00+0530,1666,1667,1655,1662,10042,34646
2020-03-31T16:00:00+0530,1661,1684,1660,1676,16765,32360
2020-03-31T16:30:00+0530,1675,1694,1670,1689,16262,27500
2020-04-01T09:00:00+0530,1658,1658,1601,1606,11076,31745
2020-04-01T09:30:00+0530,1606,1608,1592,1595,7469,33200
2020-04-01T10:00:00+0530,1595,1599,1586,1590,6353,34161
2020-04-01T10:30:00+0530,1590,1594,1587,1587,4363,34453
2020-04-01T11:00:00+0530,1587,1590,1580,1582,9218,34746
2020-04-01T11:30:00+0530,1583,1583,1561,1578,14409,34941
2020-04-01T12:00:00+0530,1578,1579,1568,1574,8134,35872
2020-04-01T12:30:00+0530,1575,1601,1574,1584,20186,35125
2020-04-01T13:00:00+0530,1584,1593,1578,1586,6292,35457
2020-04-01T13:30:00+0530,1586,1588,1571,1574,10166,35867
2020-04-01T14:00:00+0530,1574,1588,1569,1579,11391,35486
2020-04-01T14:30:00+0530,1579,1583,1572,1580,5096,35742
2020-04-01T15:00:00+0530,1581,1587,1580,1585,4353,35929
2020-04-01T15:30:00+0530,1586,1608,1582,1604,14251,34909
2020-04-01T16:00:00+0530,1604,1620,1597,1618,20396,33467
2020-04-01T16:30:00+0530,1618,1630,1615,1619,16411,29343
2020-04-03T09:00:00+0530,1660,1766,1660,1766,859,29751
2020-04-03T09:30:00+0530,1766,1864,1766,1843,17526,25591
2020-04-03T10:00:00+0530,1843,1847,1826,1846,11905,25645
2020-04-03T10:30:00+0530,1846,1858,1834,1841,8453,26190
2020-04-03T11:00:00+0530,1841,1872,1835,1866,13054,25698
2020-04-03T11:30:00+0530,1866,1867,1846,1863,10569,26271
2020-04-03T12:00:00+0530,1863,1912,1863,1912,18730,24379
2020-04-03T12:30:00+0530,1912,1942,1905,1924,20912,25278
2020-04-03T13:00:00+0530,1924,1983,1918,1972,15016,23002
2020-04-03T13:30:00+0530,1971,1989,1943,1956,19124,23091
2020-04-03T14:00:00+0530,1955,1985,1954,1979,12822,23288
2020-04-03T14:30:00+0530,1979,2017,1979,2015,19869,21636
2020-04-03T15:00:00+0530,2017,2058,2000,2058,22864,21013
2020-04-03T15:30:00+0530,2058,2075,2032,2056,21168,21954
2020-04-03T16:00:00+0530,2057,2057,2037,2045,9828,21565
2020-04-03T16:30:00+0530,2044,2063,2033,2052,15467,17308